The combination of impact cases are [13, 40]
1068.834832842345
9.592948490938607
4.324087507300186
2.5751595512904717
1.7220247315725459
1.224581488196973
0.908150381639901
0.6960894352123274
0.5425158672103432
0.4296932126772214
0.352929181910801
0.30301674205623386
0.2604729412178172
0.22985026922519447
0.20870798961204978
0.2023255584216328
0.2229956980088017
0.25345186572589506
0.27782983589431676
0.2727643018249164
0.2630218209774279
0.2555053058360922
0.24739798370879218
0.23791548857044115
0.2318094160218883
0.23570544836492952
0.23075697622142655
0.2208801849500347
0.2001556770912966
0.17594959210414107
0.15735214828127414
0.1341532274063616
0.11743122147165727
0.09934625003671349
0.08619803267910416
0.07443226507223459
0.06063311741794806
0.05326342835331718
0.04479903920661557
0.04089444232202514
0.06967843162136805
0.0610514370452017
0.06787605534803087
0.0612065425265388
0.05454048045018286
0.048806408340785805
0.036878427415410954
0.03549078713783826
0.039208229530324414
0.06284810197612409
0.05159339099135123
0.0407799546928929
0.03038233982087171
0.02037701375375303
0.010742186704389926
0.005543741961286929
0.0
0.0
0.0
0.0
0.0
0.0
0.0
0.0
0.0
0.0
0.0
0.0
0.0
0.0
0.0
0.0
0.0
0.0
0.0
0.0
0.0
0.0
0.0
0.0
0.0
0.0
0.0
0.0
0.0
0.0
0.0
0.0
0.0
0.0
0.0
0.0
0.0
0.0
0.0
0.0
0.0
0.0
0.0
0.0
0.0
0.0
0.0
0.0
0.0
0.0
0.0
0.0
0.0
0.0
0.0
0.0
0.0
0.0
0.0
0.0
0.0
0.0
0.0
0.0
0.0
0.0
0.0
0.0
0.0
0.0
0.0
0.0
0.0
0.0
0.0
0.0
0.0
0.0
0.0
0.0
0.0
0.0
0.0
0.0
0.0
0.0
0.0
0.0
0.0
0.0
0.0
0.0
0.0
0.0
0.0
0.0
0.0
0.0
0.0
0.0
0.0
0.0
0.0
0.0
0.0
0.0
0.0
0.0
0.0
0.0
0.0
0.0
0.0
0.0
0.0
0.0
0.0
0.0
0.0
0.0
0.0
0.0
0.0
0.0
0.0
0.0
0.0
0.0
0.0
0.0
0.0
0.0
0.0
0.0
0.0
0.0
0.0
0.0
0.0
0.0
0.0
0.0
0.0
0.0
0.0
