The combination of impact cases are [82, 60, 77, 70, 94, 53, 3, 71, 39, 61, 51, 15, 34, 13, 18, 46, 45, 65, 42, 80, 66, 22, 27, 11, 7, 28, 84, 79, 57, 87, 1, 92, 89, 74, 62, 76, 96, 47, 88, 68]
1817.5819612477057
17.00995171432344
8.075833725144737
5.108318618194573
3.63608041326363
2.763464200783922
2.1881812199767654
1.7840406170750933
1.4866479354952344
1.2582558597247797
1.0756027412825713
0.9281086680039429
0.8060468285981863
0.7048266431677197
0.6214729682481863
0.5532309438633208
0.49672219496670816
0.4497163659251068
0.4217229478808072
0.38751135569589573
0.35592132283215006
0.33025693364417114
0.3251290800352364
0.30819930385271965
0.29207782704712826
0.27985448016002723
0.2808526523345415
0.2732355460299561
0.26017987113184865
0.2567297193921799
0.25455392355637724
0.24530848425425883
0.23690841981296393
0.23060529534582574
0.22295877812247294
0.21552216589539733
0.21418588982590375
0.2057915338868105
0.20624346032307075
0.19991298253494882
0.1953406285179932
0.18754931108051226
0.18784118153033524
0.1793781819527025
0.17331506510391728
0.1663402704126006
0.16087706533381144
0.1558674979084383
0.15251724846438403
0.14801355973662006
0.14239606089299298
0.13800508017505903
0.1352897211359287
0.1317733561223997
0.1279231459625791
0.12473142704505466
0.12298099246365612
0.12066172195480572
0.12184272227232647
0.11986276290743886
0.12373257287612
0.11813979609397085
0.11546054188892291
0.11558952898526208
0.10949230328981648
0.10451330994173691
0.10057427447581059
0.10602507824047759
0.1008499295036488
0.09743586153078157
0.09726542036561224
0.09335479125103148
0.09362566602770134
0.09208361534226579
0.09163006107145003
0.08843201200183419
0.09382916254503207
0.0940678364587825
0.09624280678660709
0.0944008961953151
0.09192536990056195
0.08900960232948105
0.0900529561223967
0.09196760999405061
0.08767828219299423
0.08429950552749908
0.08253968484513126
0.07832952165542871
0.07694179714111413
0.08041145318293769
0.08268547756322452
0.0807636511726548
0.08019302455970236
0.07782634109884305
0.073606329759344
0.07168128367599197
0.0681442407746102
0.06519350999959235
0.06660890463284733
0.06689109110127339
0.07055075066512934
0.07412555371193985
0.07588763009755493
0.07069376037768559
0.0653236147228188
0.06962662641721869
0.06489457828400216
0.060311668101355825
0.05917017080806112
0.05417510420968792
0.054783480978808474
0.05006638757875631
0.04689310305038279
0.044057867610710726
0.04349207449558932
0.04473207164591574
0.04363609530722856
0.042854516508839896
0.04121104779881006
0.0403129336090514
0.0386869545069642
0.03656047079617257
0.03203717603532594
0.03408937941070872
0.03075884943931206
0.026670131608872265
0.03028719936430191
0.02841928211072325
0.03303925102822631
0.03019937363157839
0.028070665177707572
0.026714178971587416
0.026180029775965917
0.025664056678425907
0.028092594933607346
0.025415564143826175
0.024300060480247885
0.02602774595043035
0.023869429415320765
0.021744753699392112
0.018732506344251842
0.02843656084263957
0.0307681796998374
0.02822219332293989
0.041062329604007755
0.03733112259939897
0.03606823755085809
0.03485920540499492
0.03372580149059757
0.03014398953368454
0.029075720960206244
0.025572140275428243
0.02993410995849772
0.02647071470180397
0.04610459136721412
0.039355964904452194
0.05026050700994387
0.04357137572107561
0.036966911621216916
0.037215585585217405
0.030733393332583347
0.024331720205873326
0.023639982000211193
0.017360367382333375
0.015681823817380907
0.032400807870219595
0.026181900546801706
0.0
0.0
0.0
0.0
0.0
0.0
0.0
0.0
0.0
0.0
0.0
0.0
0.0
0.0
0.0
0.0
0.0
0.0
0.0
0.0
0.0
0.0
0.0
0.0
0.0
0.0
0.0
0.0
0.0
0.0
0.0
0.0
0.0
0.0
