The combination of impact cases are [76, 34, 18, 60, 94, 35, 77, 85, 62, 55]
2050.870006506126
19.32178249430754
9.250839734904241
5.900393288183398
4.223841338897453
3.225085598297542
2.562126880101315
2.0937551020897023
1.7501770117960331
1.4899909013393966
1.2850827619188219
1.120523498234481
0.9840811793511252
0.8701373050895072
0.7751779695297712
0.6978450948887309
0.6343335702344155
0.5789204475722909
0.5299931909735831
0.48703130862247285
0.4491223649182774
0.4164160935366216
0.3871091183969564
0.36190211925053345
0.33788364817362104
0.31868759528885116
0.29894842336434735
0.28041374498506594
0.2671297348173407
0.2564891924921554
0.248548795016548
0.24098681615767714
0.232854464295054
0.22615707437959537
0.2184794376233069
0.21040657528946838
0.20331813737924478
0.19708432726303932
0.1931843497139873
0.1908744362223739
0.18676408731972113
0.18118547291439108
0.17907446333240734
0.17495578706613107
0.1725367960802234
0.16900333454876526
0.16585245735493698
0.16361255582161266
0.16122792038904118
0.1579931405536873
0.15480466105021246
0.15019384213198084
0.14666986244587
0.14222868045841278
0.13810767526446197
0.13428286975730233
0.12999675911594258
0.1251422795305335
0.11990292798787733
0.11511027184930672
0.11075618604798762
0.1075245343893193
0.10445774673795251
0.10215848219059233
0.10129744332655208
0.09928648702647053
0.09715147504699287
0.09503060612868508
0.09194898240169838
0.09077324749538884
0.08850598662650816
0.08556712062927259
0.08478010524033894
0.08753933955600143
0.08989888036400207
0.08827795389871562
0.08560615974551754
0.0834921449929586
0.08341470790357719
0.08550888828589755
0.08428819038419524
0.08278329741587157
0.0817199033379858
0.07679682440795778
0.07126511992383218
0.07057948756887224
0.06938415943068366
0.06345719205705533
0.0610289134537633
0.057582762356766355
0.054457564447914414
0.05099175752659085
0.050081972496008084
0.048070817484961226
0.046628074713285186
0.044129022661935365
0.04290257759449742
0.039229258795834186
0.038790648377410836
0.035574993488119204
0.03261130598279924
0.03181357337431525
0.027947400381446465
0.025365284574583456
0.02330705543056968
0.02264687962845626
0.020867451169710262
0.0184928378424986
0.017272218798355988
0.015971873953815906
0.016459280155184445
0.014501443717214308
0.014498283264722057
0.014597533526338018
0.01657113043460122
0.015038183980157296
0.013593634833510233
0.013080196823028179
0.012932483101575876
0.011648383567725792
0.00996835350437813
0.012038872078142908
0.011036235375613886
0.011344416943046894
0.011149375261080709
0.009460315390538293
0.011550481454116048
0.01082211574234283
0.012155432737829255
0.010510944466256953
0.008891754068159693
0.007297282247146927
0.011467629621661271
0.009979886220910995
0.00915920204950177
0.00835067526152149
0.007554037699112975
0.006769029033274071
0.005995396480224001
0.005232894530012122
0.004481284686756727
0.003740335219936891
0.0030098209261923596
0.0022895229011170174
0.0015792283205604495
0.0008787302309783823
0.00018782734839836016
0.0
0.0
0.0
0.0
0.0
0.0
0.0
0.0
0.0
0.0
0.0
0.0
0.0
0.0
0.0
0.0
0.0
0.0
0.0
0.0
0.0
0.0
0.0
0.0
0.0
0.0
0.0
0.0
0.0
0.0
0.0
0.0
0.0
0.0
0.0
0.0
0.0
0.0
0.0
0.0
0.0
0.0
0.0
0.0
0.0
0.0
0.0
0.0
0.0
0.0
0.0
0.0
0.0
0.0
