The combination of impact cases are [81, 56, 37, 86, 19, 36, 28, 16, 8, 78]
2111.9850313105853
19.92232612867945
9.516834645120916
6.032468700618079
4.296655230649438
3.2680390702301105
2.592881990186675
2.117535103146068
1.766549197012526
1.4972941656782937
1.2850730615948966
1.1139651833156718
0.9739834339103348
0.8600656499837742
0.7646263513762259
0.6819872280431959
0.6117291871111518
0.5529884097052066
0.5023698865269158
0.4575814316450096
0.4185032074861319
0.38463978882808875
0.39733882584926244
0.3716771645940674
0.3498251778724665
0.32981418254803047
0.3128895798713282
0.29883124384155224
0.28532402924739103
0.3068429901432954
0.2957902111496554
0.28433097776986893
0.2730345738543638
0.26710321740786747
0.26907125878072063
0.2633821566610462
0.2581662980190307
0.25396502384067243
0.287157585711764
0.28150164895681756
0.2755228866422228
0.2696476001138924
0.2656555785332257
0.2614147094761555
0.2567674425276671
0.2539333668090494
0.25095315996120493
0.245248846719698
0.24108052577028394
0.23390460301438185
0.22761786715990173
0.22193979200659258
0.2180253400554101
0.20999358139020471
0.20350488164592326
0.19908315394670067
0.1973199638367374
0.19138098105264076
0.2146490265213614
0.21623298050678688
0.2502712148894112
0.2395820960077526
0.2352712523693059
0.22453661501345581
0.2149612300295931
0.2069224920301926
0.19492325379167363
0.19054343020406936
0.18161986868148253
0.17291417218867122
0.2111804844104916
0.19969441437065957
0.19763011181333337
0.18659735214230325
0.1848789732952987
0.1716419324158793
0.21226073800017964
0.19558101266281136
0.18470603574752464
0.17453972270601023
0.1761136518670703
0.18743445753600213
0.17707489405983212
0.1651842828762664
0.16261852158051998
0.1536518523208817
0.15747711485650945
0.16465252292621332
0.17187156128430467
0.15943348828758658
0.1505432696330397
0.1493167857027168
0.14781629041974748
0.1460446344633317
0.1533584249912753
0.14355285723860084
0.13124465710647215
0.12142291171053779
0.16655749673956066
0.14605416818444655
0.13004042732129106
0.11960647679396069
0.1123029289815998
0.0976572554288864
0.09769459632072719
0.09484460931449257
0.11090036791687427
0.10870013745569665
0.11173637196155672
0.1005552518921356
0.09440144970259884
0.10069702987206762
0.09280504222538188
0.09599843944060561
0.10298471219945222
0.10092952419874357
0.12290699302266637
0.23497193902951313
0.20755924582281488
0.2039565824300375
0.1772591691388064
0.15100299893791358
0.19337518991879252
0.17222013240506964
0.15470364080240556
0.15561269161925154
0.138506012125041
0.16392155658518467
0.14701724014012107
0.13037498580465434
0.11398874645682602
0.09785265960552944
0.08196104039744437
0.06630837493942837
0.05088931391988098
0.03569866651358393
0.02073139455542231
0.007585562813701846
0.0014818652624469688
0.0
0.0
0.0
0.0
0.0
0.0
0.0
0.0
0.0
0.0
0.0
0.0
0.0
0.0
0.0
0.0
0.0
0.0
0.0
0.0
0.0
0.0
0.0
0.0
0.0
0.0
0.0
0.0
0.0
0.0
0.0
0.0
0.0
0.0
0.0
0.0
0.0
0.0
0.0
0.0
0.0
0.0
0.0
0.0
0.0
0.0
0.0
0.0
0.0
0.0
0.0
0.0
0.0
0.0
0.0
0.0
0.0
0.0
0.0
0.0
0.0
0.0
