The combination of impact cases are [45, 90, 73, 36, 75]
1785.203433267557
16.687878945400023
7.894312342491564
4.952327845709337
3.496323119972798
2.6424152877625873
2.08042041787939
1.6856693331643817
1.3986477182304093
1.1800297556411181
1.0054981382029498
0.8612699263867091
0.7409469383647682
0.6377266262549647
0.5511639805605999
0.47999584424832775
0.4220338908802094
0.3745810819919919
0.3363699727344601
0.3046178004231484
0.2792887129044906
0.2591580354260471
0.30490001024978497
0.29037264243513994
0.27661531311412324
0.2622677219283143
0.25074373310908465
0.24122281065148676
0.23659986767632255
0.23241252318811112
0.2317850477603614
0.2355675165577643
0.23719382351485133
0.23832734845733466
0.23945949812306624
0.23852715566615512
0.23572679457168866
0.22941566518081322
0.22306674545188804
0.21692289122757816
0.21250515964246647
0.20514530038039808
0.20052504488258305
0.19516525577871885
0.19154307295442502
0.1809264752690539
0.17367787553275454
0.16667155256915514
0.16777236605701135
0.15704834659075523
0.14491180220858774
0.13951464691369495
0.1306654867039129
0.1202009122706034
0.11141874881372113
0.1036323356758465
0.09914288052917167
0.0943033609357659
0.0908373385952044
0.08655453463651697
0.10866553831317491
0.10397919928627353
0.09722637635818299
0.09406385528248078
0.08988684349481381
0.08918587544054417
0.08682890635294271
0.08332377048556518
0.07730915272358155
0.08275880701425241
0.08218876777407877
0.08827862066866199
0.08098907193762844
0.07600721986228434
0.06775697741529241
0.071743143805493
0.09754519224490363
0.0832313647305165
0.07020896623502057
0.06168809111021642
0.07248484318221587
0.08998850331364558
0.07669758151547634
0.07158826137813531
0.0672751230952421
0.05472042227395553
0.06525380197669076
0.06995040264626491
0.0639448550243773
0.05984601522039918
0.048071256756531615
0.03655525575666074
0.03109119682105624
0.03563755203329702
0.02462130326694354
0.018794245581165266
0.013390701753655058
0.008098559715643983
0.005828819112474747
0.0
0.0
0.0
0.0
0.0
0.0
0.0
0.0
0.0
0.0
0.0
0.0
0.0
0.0
0.0
0.0
0.0
0.0
0.0
0.0
0.0
0.0
0.0
0.0
0.0
0.0
0.0
0.0
0.0
0.0
0.0
0.0
0.0
0.0
0.0
0.0
0.0
0.0
0.0
0.0
0.0
0.0
0.0
0.0
0.0
0.0
0.0
0.0
0.0
0.0
0.0
0.0
0.0
0.0
0.0
0.0
0.0
0.0
0.0
0.0
0.0
0.0
0.0
0.0
0.0
0.0
0.0
0.0
0.0
0.0
0.0
0.0
0.0
0.0
0.0
0.0
0.0
0.0
0.0
0.0
0.0
0.0
0.0
0.0
0.0
0.0
0.0
0.0
0.0
0.0
0.0
0.0
0.0
0.0
0.0
0.0
0.0
0.0
0.0
0.0
0.0
0.0
