The combination of impact cases are [76, 89, 51, 85, 64, 5, 78, 90, 14, 84, 50, 17, 88, 36, 65, 96, 4, 32, 20, 18, 66, 15, 74, 22, 11, 27, 13, 24, 42, 39, 58, 62, 61, 26, 100, 81, 55, 6, 80, 38, 71, 49, 48, 34, 7, 21, 47, 52, 69, 37, 41, 70, 57, 29, 43, 54, 92, 94, 31, 44]
1960.7687493690037
18.427352885191397
8.779738478513021
5.565428931217721
3.969777787506227
3.0235433342843145
2.4017525834785003
1.9635675046182939
1.6392167846557506
1.3900949181130478
1.1921333086217292
1.033712736445294
0.9051550596619065
0.7957092335424738
0.7035701392497571
0.6287146996298115
0.5702540925512385
0.5182712703304205
0.4730293943208613
0.43506613823955215
0.39982411026658815
0.3693358137750593
0.34284425170397237
0.32185972567278043
0.3034841247745191
0.2865628259315691
0.2697647226029423
0.2546858904638217
0.24206079504578346
0.23112892694746118
0.22154505171957947
0.21293543143364713
0.20548965620724852
0.19815741893081049
0.19135358678569622
0.18460335147642848
0.1777593661109428
0.1706651977091679
0.16495893301347822
0.1600728534328976
0.15604072772903044
0.15149774367340868
0.14777991424281445
0.14342505524503127
0.13944130156613563
0.13598046458605054
0.1323926080996231
0.12864999407040772
0.1250879465385531
0.12234222212011366
0.11925551702171991
0.11540075725272717
0.11250451763700843
0.10929989952420745
0.10555737924570471
0.10281072502064088
0.09909285608212405
0.09614337020377209
0.09254497974100832
0.0899117312444739
0.08753133962195941
0.08632892163668816
0.08411069698487589
0.08125690836975658
0.07846133933188842
0.07523038882863356
0.0724351526927234
0.07060755415905542
0.06711406073909502
0.06593104444160447
0.06324859798953372
0.06096145457794394
0.06042007736540763
0.058285124408551346
0.058092896989701145
0.05663169270164504
0.055748406654114964
0.05411005661604987
0.05213382972810131
0.05047081082866955
0.04989492409833366
0.04967257471691906
0.04891361906708241
0.04746282704465566
0.045419989277596426
0.04449174920495943
0.04367799091884499
0.0427802136423878
0.042375630951011226
0.04115815504953471
0.0390826424958702
0.038569519359005724
0.03713468485108979
0.03704778473613398
0.03540458103374125
0.034669944113667694
0.03252513441330898
0.030611892113804596
0.028746284325155337
0.02664680872830402
0.025686318974638387
0.024934729509840187
0.02386781576572384
0.023349287755578395
0.022004335766425492
0.022410103816079722
0.02197089787444034
0.021125829976582015
0.021592120952206247
0.01985511630200848
0.01935675841720262
0.018037825202356018
0.01725673752197279
0.01696007559467353
0.0158233295849338
0.014611886039587496
0.014185029244268522
0.013220666962507436
0.01302939546922967
0.012296838549264909
0.01138038862515977
0.010685493604259976
0.009350387072748682
0.009378506096402204
0.008475007116200452
0.007590218188497088
0.008048995184037464
0.007426835383545683
0.007358974295511512
0.006797843521185133
0.006043133028434296
0.005544718074452632
0.006480388024749423
0.006177743464973272
0.006020542536390274
0.005358711001401822
0.004858827759572758
0.004240693421166296
0.003804293982372772
0.003624990294406185
0.0031229428927203326
0.0027362623618867547
0.002894756637046864
0.0025248891001466225
0.0022433243051524056
0.0023785583233191555
0.0021003994142269693
0.0019095264771142066
0.0017540906505904457
0.0015186203877477953
0.001368482488254827
0.0011386843576231922
0.0011725581428441375
0.0009470441805971298
0.0007684098561202353
0.0006559327484075366
0.0008376751168323978
0.0007261895953512602
0.0006161151936869486
0.0006202597597536234
0.0005122232222097224
0.0004055286700978888
0.00039399970000351985
0.0002893394563722229
0.0002613637302896818
0.0005400134645036599
0.0004363650091133618
0.0003339577782614719
0.00023276960854341091
0.00013277886110117613
3.3964406196417345e-05
0.0
0.0
0.0
0.0
0.0
0.0
0.0
0.0
0.0
0.0
0.0
0.0
0.0
0.0
0.0
0.0
0.0
0.0
0.0
0.0
0.0
0.0
0.0
0.0
0.0
0.0
0.0
0.0
0.0
0.0
