The combination of impact cases are [33, 99, 51, 96, 77, 58, 23, 84, 73, 61, 34, 68, 16, 60, 46, 21, 75, 67, 49, 70, 85, 72, 36, 63, 2, 45, 53, 95, 1, 15, 31, 14, 86, 47, 19, 37, 54, 13, 48, 30, 25, 29, 64, 93, 27, 50, 83, 88, 76, 6, 98, 79, 32, 80, 4, 65, 90, 24, 69, 17]
1959.4838583130136
18.41482904114424
8.7778493597539
5.56837712819192
3.973270828404151
3.0260351835568082
2.4012608180323634
1.9602405318953748
1.6334953351539783
1.3824703099573428
1.184051209911834
1.0245297071690203
0.8942825977796923
0.7849113801241347
0.6936084977882258
0.6176314103055252
0.5591144912268577
0.5080059153787513
0.46463878515024964
0.4280549976365023
0.39395188816999155
0.3638212814893373
0.33836492734263574
0.3165625720644933
0.297040778418499
0.2794150632012905
0.26391255769906974
0.25068985682862116
0.23982386623646235
0.22934186704080728
0.22005978613339375
0.21126515301538248
0.20334828592064233
0.1968864371927191
0.19051727505249627
0.18450216269474232
0.17816049248880161
0.17200249343078655
0.1669186679275155
0.16204052507583608
0.1583173340984852
0.15349129375185927
0.1498586679316866
0.14537963032114667
0.14134366394060746
0.13693158814918363
0.13330771461074278
0.12959150170356598
0.12608928624997287
0.12277413693342239
0.11904994424953015
0.11470527445271007
0.11078208341361954
0.1069431043968586
0.10251955759151468
0.09916866014474937
0.09621992595053673
0.09334500883104871
0.09056816751765803
0.08783621968343701
0.08486131221714764
0.0828635888831357
0.08152454249593169
0.07987691547545961
0.07713204547255675
0.07381487609382287
0.07095552226139568
0.06869378287304544
0.06569686237535222
0.06478408669961194
0.06288668419401099
0.060928967847679656
0.05997494509732462
0.05843013884400699
0.05722934399771055
0.05540315785479204
0.0545685293163014
0.0534117097608851
0.05193292170329442
0.05149139039421681
0.05167380891766635
0.05117342505450534
0.04955165899487039
0.04785137603620563
0.047045237035105096
0.04645019788965279
0.04738227329793219
0.046553872982049674
0.04712602233973453
0.04632664421569248
0.0434604111281676
0.041395793322030076
0.04027920060683027
0.03941590539801307
0.039011286861149
0.0371650273205632
0.03529153379415891
0.033390959068520736
0.031426752353549824
0.029491187940526804
0.029312474304242064
0.028067402920577033
0.02677909084498125
0.02576182223343748
0.024318473385999528
0.02387564599307528
0.02255350296168606
0.021209160257739185
0.021845094221570147
0.020672718614118304
0.01983488764133349
0.018743970625457008
0.017954497844762364
0.017506215538908056
0.01689699883113882
0.016443084518176394
0.015701737143178716
0.015124479909940508
0.01442062557995113
0.01328081161288758
0.012180938610614802
0.011753240984666262
0.01096914885358438
0.011168716906962866
0.01060464454929038
0.009844732738774868
0.010486827518855147
0.009767724626455145
0.009398101487469954
0.008701425776485812
0.007675682936583897
0.0071009533194871036
0.007546426433187722
0.007195369052766529
0.00706513538514018
0.006148671407704797
0.005397900042839295
0.0046448047297181225
0.004374570543793009
0.004315965100754357
0.004302096236259796
0.003788858582194357
0.004121693786452496
0.0036267049031183793
0.0032217564374905725
0.0032353085113902983
0.003217854662200692
0.0028237301779771968
0.0024369077092096887
0.001973156456649523
0.0016372117872109557
0.0012952661437686055
0.0012184679442683248
0.0009470441805971298
0.0007684098561202353
0.0006559327484075366
0.0008376751168323978
0.0007261895953512602
0.0006161151936869486
0.0006202597597536234
0.0005122232222097224
0.0004055286700978888
0.00039399970000351985
0.0002893394563722229
0.0002613637302896818
0.0005400134645036599
0.0004363650091133618
0.0003339577782614719
0.00023276960854341091
0.00013277886110117613
3.3964406196417345e-05
0.0
0.0
0.0
0.0
0.0
0.0
0.0
0.0
0.0
0.0
0.0
0.0
0.0
0.0
0.0
0.0
0.0
0.0
0.0
0.0
0.0
0.0
0.0
0.0
0.0
0.0
0.0
0.0
0.0
0.0
