The combination of impact cases are [4, 27]
2895.8096033951606
27.684701632642515
13.421315138323099
8.643271384428308
6.253533698816945
4.816391292583719
3.858493559817328
3.178415372560398
2.6732694787274687
2.2859578725486287
1.9802513448737558
1.7352292250218657
1.5339499447594636
1.366539192201753
1.2268713740678492
1.1085551118127217
1.0061406194690368
0.9166447770202995
0.8377851244465591
0.767648244489262
0.7052963150278868
0.6499911919922101
0.6005378994139019
0.5557078730413816
0.5148485818144204
0.47820865254846556
0.4446362849869131
0.41433913248087595
0.38558899698447824
0.358808913812817
0.3344299895305176
0.3120030024559685
0.2921959558933591
0.27427429980411666
0.2590164445225017
0.24526893390194213
0.23196365132036845
0.21913022525866904
0.20611623979362814
0.1939104376894284
0.1828983715528898
0.1757638912727974
0.17286313400996017
0.17413220067976642
0.17089701762772566
0.16527901154724628
0.1584408463119392
0.15139242445035214
0.14513427086096517
0.14044416346940466
0.13195626569025706
0.1254593373225717
0.1199494726080704
0.11571869231836243
0.10913747976123236
0.10317679040920305
0.10050675494994227
0.09500757946504287
0.091860577566474
0.08841467268896142
0.09183000866597037
0.09151174285705313
0.09348461020039758
0.09213596204793459
0.0931631068677943
0.0895354785720828
0.0794226006548882
0.07594417661738874
0.07404592762993496
0.077934585944514
0.06847758860429874
0.05979369389241773
0.06669988413128176
0.058345878214820845
0.050085780547098245
0.04362554674915306
0.040575747679698265
0.04386784704528913
0.04635659497311787
0.04979357712281334
0.05537655539384165
0.05551499515872508
0.05504811156317821
0.0536021161629421
0.05575495610807707
0.05626886273659645
0.05425598481831291
0.05406928070813192
0.056665688644488885
0.06153309845964593
0.06358038745832516
0.06722914495960336
0.06567499470568838
0.06824562608495105
0.06495716908160148
0.06776453456644817
0.06511283503393572
0.06619544197166626
0.06615769068047572
0.062441719513297585
0.056817864731763354
0.059172323449777166
0.06309823147384751
0.06615013943980497
0.06070691151250904
0.05821203183665501
0.058997628826310974
0.0606219052162687
0.05928626496772667
0.05415566903705703
0.056978340396564214
0.056336316547069436
0.05136947149695309
0.04649052742954882
0.041697171364004144
0.04947258229345638
0.050782798165928476
0.046075655222485724
0.04144828760187152
0.03689868433049125
0.03726637802549439
0.03846246617018153
0.034049201159416544
0.0356988468247132
0.03137904322286899
0.02712835094947156
0.02948955070366989
0.02532066991775434
0.029085135105575196
0.024984017881678516
0.020945989915656115
0.01696960652562969
0.019633297324159877
0.015726573804344092
0.02488140963692683
0.020993687189012122
0.017163132926284116
0.013388495082047433
0.009668558170070082
0.006002141679625027
0.002388098826453752
0.0
0.0
0.0
0.0
0.0
0.0
0.0
0.0
0.0
0.0
0.0
0.0
0.0
0.0
0.0
0.0
0.0
0.0
0.0
0.0
0.0
0.0
0.0
0.0
0.0
0.0
0.0
0.0
0.0
0.0
0.0
0.0
0.0
0.0
0.0
0.0
0.0
0.0
0.0
0.0
0.0
0.0
0.0
0.0
0.0
0.0
0.0
0.0
0.0
0.0
0.0
0.0
0.0
0.0
0.0
0.0
0.0
0.0
0.0
0.0
