The combination of impact cases are [72, 9]
1478.242022699091
13.652125556349286
6.378300591594483
3.9427389999077076
2.7307372744276712
2.011621837246273
1.545440223714166
1.2327577841533282
1.015279381383873
0.8544881918791309
0.7357139737762545
0.6461223188251265
0.5767852038037135
0.5241681515564193
0.4846150750624891
0.4466067404754217
0.41483759917796637
0.38955741970507374
0.37386853859908603
0.3710255864726337
0.37723164095051676
0.3657908548465161
0.3464144450932316
0.3242564423938147
0.30992441999052717
0.29740861994909706
0.28247572099334217
0.2778876577478072
0.2698113902928604
0.2585461530446847
0.2532986485593007
0.24327301724903755
0.23560974400531415
0.2279560714334331
0.21451739052357816
0.20010147265602285
0.186171001751056
0.17227283877186927
0.16057976589521775
0.1551673901959766
0.1476807312895394
0.13727288445936225
0.12984882066054293
0.12691840373749383
0.12472916929791766
0.12321127434715587
0.11338635757975409
0.10982192406707852
0.10185332127544369
0.10917692796620238
0.12578985019426558
0.11244787903024714
0.10728857872652917
0.11103624423736728
0.09914355214050527
0.08654291710727555
0.07285200679858406
0.06176426541551054
0.05713544109998274
0.0557430591829712
0.0558483973893522
0.05448446764533617
0.053902522882999265
0.05398355297876349
0.05232153265939522
0.05047004115954338
0.050540729398044396
0.05049878639141993
0.05225848906576719
0.05024813984538985
0.048170388486602024
0.04789296345352874
0.04482639213249077
0.04328584702117582
0.03889166429074287
0.03785556301680744
0.03525662599454604
0.03312307623382132
0.03343730871840852
0.03181493766054066
0.028365710852936037
0.03359191179503149
0.03828865666982499
0.031804032486866946
0.029157037796369866
0.02293239322886147
0.031606326673697234
0.02549661142695905
0.019525737566700337
0.03008561825638964
0.024196432440239807
0.018436665056872983
0.012802096398689693
0.007288688231375959
0.007051272641010726
0.0017144526223551127
0.0
0.0
0.0
0.0
0.0
0.0
0.0
0.0
0.0
0.0
0.0
0.0
0.0
0.0
0.0
0.0
0.0
0.0
0.0
0.0
0.0
0.0
0.0
0.0
0.0
0.0
0.0
0.0
0.0
0.0
0.0
0.0
0.0
0.0
0.0
0.0
0.0
0.0
0.0
0.0
0.0
0.0
0.0
0.0
0.0
0.0
0.0
0.0
0.0
0.0
0.0
0.0
0.0
0.0
0.0
0.0
0.0
0.0
0.0
0.0
0.0
0.0
0.0
0.0
0.0
0.0
0.0
0.0
0.0
0.0
0.0
0.0
0.0
0.0
0.0
0.0
0.0
0.0
0.0
0.0
0.0
0.0
0.0
0.0
0.0
0.0
0.0
0.0
0.0
0.0
0.0
0.0
0.0
0.0
0.0
0.0
0.0
0.0
0.0
0.0
0.0
0.0
0.0
0.0
0.0
