The combination of impact cases are [14, 19, 10, 12, 62, 53, 99, 11, 9, 59, 96, 40, 51, 8, 98, 86, 94, 76, 54, 41, 7, 33, 49, 22, 58, 92, 35, 63, 85, 81, 75, 45, 43, 26, 67, 69, 84, 42, 88, 23, 50, 18, 77, 5, 27, 15, 46, 39, 89, 13, 71, 37, 61, 78, 31, 93, 6, 24, 28, 4]
1935.9926321433356
18.182285471142627
8.661322183544694
5.491966914068369
3.9147813569077403
2.9746381968494204
2.3538821741960145
1.9174263215559009
1.5962247399218632
1.351225893271239
1.1581954636212215
1.0042946679234586
0.8787989750494045
0.7741021083880808
0.6874145288972918
0.6153823320545633
0.5574472410654674
0.5083166860683755
0.47365346141681
0.4355025786610906
0.40330390697995877
0.37435653026023435
0.3608970532845925
0.33902964066963265
0.3200848742806583
0.3032358887987546
0.29663954976675605
0.29094616772337356
0.2754366152053279
0.267104224075789
0.2608520627341921
0.25012702688485644
0.24132852049997827
0.23238088380859512
0.22353539835060318
0.21481012617718281
0.21052431537713392
0.20170366525935024
0.1982059120758921
0.19185304565522357
0.18718621267091964
0.17997111660379256
0.17840800153555642
0.17660321990310968
0.17490639283785367
0.16987930854665495
0.16502345842174554
0.1599682559971567
0.1587034090537176
0.15458342824130833
0.1507999840729653
0.14844410628689095
0.14402478920301218
0.14020756219518699
0.1353926929006169
0.13204288838999725
0.1336016512949023
0.12953094961876968
0.12820916894572423
0.12559216057560152
0.1275134564824147
0.1272277554793611
0.12777031644331446
0.12719500302722878
0.12292241509141537
0.117776256191109
0.11653520139303963
0.11932626877007395
0.1195024185646456
0.11821910365436163
0.12342279202428175
0.12006130037161966
0.117841369345911
0.11515259346739552
0.11349524610102422
0.11058189428186653
0.11112214497435713
0.10934931823118732
0.11188060110315518
0.11421347064096952
0.11649800920873458
0.11208136225180892
0.1099099779221471
0.11008311068079929
0.1065554886854133
0.1066034234003886
0.10517484419831338
0.1012224046218181
0.10229097696848079
0.1030996675953995
0.10202503864708641
0.09854782099028979
0.09607408745357666
0.09400664738721419
0.0923120310659855
0.09313795129158041
0.08821056191828922
0.08385199732741386
0.0839240051459834
0.08266459249147727
0.08818686815551961
0.08634551792767559
0.08816799422510735
0.08391127411853229
0.07827436650280646
0.0786768579378946
0.07670558011588068
0.07814409435857562
0.07593792049254193
0.07013803237751014
0.06932712380588064
0.06490754203578726
0.06234647268810018
0.05972375387841786
0.06117053266709286
0.061827159496009663
0.06089005851758102
0.062482142221909315
0.06209451083975682
0.05829824724602384
0.052560509903574665
0.05043249159582347
0.04427942388362001
0.04686704000780982
0.04711419917792947
0.04158287806533243
0.04684148839577155
0.04397157625893075
0.045592058235848346
0.042303306055008455
0.037841538961253085
0.03514496290654731
0.03192527435958591
0.0322858272077415
0.033989377451015323
0.03051207857988371
0.028342910461326882
0.03218824035002832
0.02953369516032673
0.03358411863520926
0.030403414762427482
0.04214816845735022
0.05073876420005175
0.048716534295110435
0.05922369015278415
0.06300332620128465
0.06494886038256675
0.09851737245164345
0.09019757462161022
0.07952582393853194
0.07146214285317472
0.06105579799091571
0.05860582336565441
0.0503189905616192
0.08699836048624682
0.08689549416935005
0.11446801818606828
0.10100092684505703
0.08770429422562538
0.08134497259626544
0.06833737953275582
0.055491361440032305
0.04843483317170985
0.03586851928367678
0.027979938838069693
0.03856415462260255
0.031576797105089996
0.0
0.0
0.0
0.0
0.0
0.0
0.0
0.0
0.0
0.0
0.0
0.0
0.0
0.0
0.0
0.0
0.0
0.0
0.0
0.0
0.0
0.0
0.0
0.0
0.0
0.0
0.0
0.0
0.0
0.0
0.0
0.0
0.0
0.0
