The combination of impact cases are [26, 60]
2087.05977285902
19.68595796730323
9.523622495265675
6.149351841162661
4.431383646609146
3.3837819224502335
2.6837361440380345
2.185061311144105
1.8200394159119826
1.545859075194507
1.334154288911233
1.167891279590417
1.033905550588428
0.9270712781026564
0.8365289791003966
0.7597410052850905
0.7050401757483764
0.6634087883699895
0.620431241172833
0.5778798734339986
0.5369068501404479
0.5028556342835687
0.4708969949334465
0.4416559460693852
0.4113833537861526
0.38502212040304895
0.36046692339356623
0.3329409073257108
0.3095756703096134
0.2889571130023564
0.26833561418533297
0.24429626225688064
0.2213067148176054
0.21083279267193875
0.19599803057681522
0.17899910523911275
0.16286825931975923
0.15284346528442305
0.14283817175380267
0.13578895261068863
0.12040769067102544
0.10780958244270437
0.10313757634994487
0.08690153324678393
0.08204605042808504
0.07768489762512464
0.07355618436395539
0.06971953667442128
0.06666624945163757
0.06439147662159526
0.06218348373530672
0.06093530029402761
0.06064712898710317
0.060613710353050285
0.059271627498468274
0.05782439615765261
0.05544322008598893
0.052665499194433085
0.049895679227619186
0.04743763184552596
0.045300907284892285
0.04348384824627944
0.04301408392538732
0.042516039978453365
0.04362794036432039
0.04496102294044037
0.04872733456149973
0.051272595058099925
0.0544446760899242
0.05689647155332371
0.05536210697303698
0.05390300565921092
0.053192555891167226
0.053180635318897725
0.05521466287329599
0.05519336184841742
0.0564603999849135
0.05498038600620671
0.055823352385864805
0.054635796095302086
0.0562265157890936
0.05375729688516042
0.05471259672915134
0.052631389927044435
0.05283791283376905
0.055407974022405625
0.05245518737357704
0.05342818684763575
0.05586037873793061
0.058624332976988505
0.056433424953248774
0.059207718257294074
0.05853185273700813
0.06197679428596792
0.05932501678096879
0.05702731954286739
0.051225556011549433
0.052429119190358184
0.050705046511315785
0.05351855743263054
0.04798392534918703
0.04255887909003918
0.04618576602147981
0.046398304303146926
0.04114497960671053
0.041796381320164756
0.036685576879407926
0.031670292566057426
0.03799140221805365
0.03305615407797197
0.03579269484430185
0.030966168473426117
0.03523721687124195
0.03050102348567409
0.025847913923714615
0.021275720969732344
0.016782352133227353
0.018679307528835534
0.030563471947161178
0.026105330028683846
0.02172148428385718
0.017410092811019805
0.013169374093778996
0.008997604546524315
0.004893116178697733
0.0008542943711688734
0.0
0.0
0.0
0.0
0.0
0.0
0.0
0.0
0.0
0.0
0.0
0.0
0.0
0.0
0.0
0.0
0.0
0.0
0.0
0.0
0.0
0.0
0.0
0.0
0.0
0.0
0.0
0.0
0.0
0.0
0.0
0.0
0.0
0.0
0.0
0.0
0.0
0.0
0.0
0.0
0.0
0.0
0.0
0.0
0.0
0.0
0.0
0.0
0.0
0.0
0.0
0.0
0.0
0.0
0.0
0.0
0.0
0.0
0.0
0.0
0.0
0.0
0.0
0.0
0.0
0.0
0.0
0.0
0.0
0.0
0.0
0.0
0.0
0.0
0.0
