The combination of impact cases are [71, 27, 85, 29, 17]
2698.0791928508384
25.726868405661495
12.43750678288275
7.981984644918858
5.7548076945280915
4.422209940950555
3.5373628951258906
2.909995374532339
2.443434784361666
2.0835681389196994
1.7978453061971853
1.5673898570223745
1.3790410685285672
1.2234315256709078
1.0933203118665085
0.9834132667609637
0.889226369965884
0.8075770581375156
0.7374739988052528
0.6763322763887797
0.6232551619999895
0.5763150161147593
0.6694728383963118
0.6256788744018855
0.5868115784833451
0.5528167024201119
0.5228407462926208
0.49634332105680123
0.47135522075266223
0.44835336260931724
0.4264818177119061
0.4070871748717022
0.3882930104795166
0.3704999558608518
0.35355803849523104
0.3376319623580665
0.3227595429531403
0.30862058963573025
0.2958033472281945
0.2848268570865699
0.274742128096384
0.2653474600611796
0.25750801179361416
0.24999594150604168
0.24308162826733193
0.23652100231490766
0.23234438146712158
0.22822436656519698
0.22550261151637765
0.22201725182736684
0.21939078198404519
0.21615166045646633
0.21113650968961994
0.20742015678034864
0.2025127246205167
0.1990517631522713
0.1937997330223479
0.18971806289501753
0.186213970916676
0.18247493082201222
0.24175381561063863
0.2432328309356299
0.23897737891480156
0.23562030376215468
0.2324431848263565
0.23089987390618727
0.2249998320516188
0.2194045067489723
0.21494331699857114
0.20913783183333498
0.19884327934245394
0.1944937702227985
0.1890145969201071
0.18338245847243653
0.18340279609178733
0.17985986907538853
0.2687877621446973
0.26538257763898443
0.26123930086640657
0.26028058569600976
0.2578314664938891
0.2529514766822397
0.24954672775738015
0.2407046629132741
0.23889788444720447
0.23536142634022816
0.23313026989935165
0.22994354717673424
0.23728782077116284
0.23643583733633206
0.2469722184150811
0.24840301590131403
0.23760413266989983
0.2328142700018152
0.23336003707721487
0.2367358026079081
0.23301899557201677
0.23168776298579802
0.4456123180176231
0.4286327512640756
0.39939539044873107
0.3878741765623728
0.39487102421550346
0.38587190979677866
0.39584693383996766
0.37012045634350144
0.3525889813635485
0.35128807519194494
0.34092699724022746
0.3200115119430029
0.3137271040030881
0.3011442650285189
0.292664168367378
0.2860131286506997
0.3009911675846147
0.33042358164936547
0.314914031991945
0.0
0.0
0.0
0.0
0.0
0.0
0.0
0.0
0.0
0.0
0.0
0.0
0.0
0.0
0.0
0.0
0.0
0.0
0.0
0.0
0.0
0.0
0.0
0.0
0.0
0.0
0.0
0.0
0.0
0.0
0.0
0.0
0.0
0.0
0.0
0.0
0.0
0.0
0.0
0.0
0.0
0.0
0.0
0.0
0.0
0.0
0.0
0.0
0.0
0.0
0.0
0.0
0.0
0.0
0.0
0.0
0.0
0.0
0.0
0.0
0.0
0.0
0.0
0.0
0.0
0.0
0.0
0.0
0.0
0.0
0.0
0.0
0.0
0.0
0.0
0.0
0.0
0.0
0.0
0.0
0.0
0.0
0.0
0.0
