The combination of impact cases are [39, 75, 46, 85, 55, 47, 26, 53, 91, 81, 84, 71, 66, 29, 43, 58, 31, 95, 10, 23, 42, 16, 68, 97, 90, 40, 98, 7, 51, 9, 27, 13, 77, 19, 56, 57, 83, 36, 93, 78]
2159.1735581267208
20.39102308699933
9.761770032996747
6.214879574725229
4.45289293184608
3.4041405785310515
2.711127108245713
2.22309168009672
1.8630692348364553
1.5865399039193206
1.3678330053701055
1.1920828806993702
1.047787053598904
0.9256543991302876
0.8228790860770716
0.7368584722372739
0.6649664640109604
0.6041751171512644
0.5531886333370855
0.5078505605310152
0.4702568533594632
0.4353640614622336
0.40337857313468145
0.3763901769876837
0.352450324380954
0.3330094643315069
0.313562888434338
0.29545837564154276
0.27920129850320974
0.26473968451021446
0.2518970539712217
0.23969384330409593
0.2280878576585726
0.21818155274369663
0.20846027265247433
0.19986700082692654
0.191092436403307
0.18288489484293238
0.17646401302842268
0.16998889422859403
0.1668662638061045
0.160354240724406
0.15549854088688891
0.1508180311552174
0.14656524177824917
0.14278024752750534
0.1390957551185184
0.13546702827897344
0.13231948942541905
0.13022563793590336
0.12813381891548076
0.12347230762767628
0.12030697211477245
0.11759920069417679
0.11283494906579546
0.10849559366656954
0.10472557859535812
0.10202369225895223
0.09938032842191778
0.09661282148644466
0.09365542314159661
0.09242380479708057
0.09068092987876618
0.08857158494559819
0.08747096208839006
0.08620111093162061
0.08423551147754314
0.08255162592931592
0.08129649278533095
0.080083596292217
0.07868966054693713
0.07782473459631395
0.07763117211490628
0.07487570854596749
0.07328567496880702
0.07130353811789031
0.06866753308305298
0.06593973366982457
0.06309733639040878
0.06084667304133266
0.06064762031078646
0.06069684336111098
0.05955401308632774
0.057691693685453044
0.0568018461982407
0.05522391370034934
0.055218243594131196
0.054661845815281655
0.054557282610219186
0.053738663347252094
0.052540910428253394
0.05136441992026299
0.05038605937416144
0.04856901130075534
0.04644404856213365
0.044712166251713745
0.04358860594859024
0.041602874604566055
0.0396020194532801
0.03919297637644284
0.038685091544125715
0.0373359456922915
0.03646593834610837
0.035453052602002925
0.033295479933582575
0.03340239916451094
0.03183016542869615
0.02998464675470616
0.031100259105226433
0.029333482796009416
0.028216150527759633
0.02789892296749275
0.027030741210383954
0.02559289702239087
0.025789338891086245
0.025279867480278297
0.025187285986129102
0.0237034621871083
0.02324025784036245
0.020825102877570608
0.019668837204331664
0.018519452529629214
0.018315784338758436
0.017057507500498878
0.01582552916703455
0.013835217296198903
0.013933592883112108
0.012733904295063818
0.012899324804058403
0.011552707719346992
0.010048453523154388
0.008838046955266911
0.010259287929467042
0.009220054201974456
0.009099701735660258
0.007936211114582517
0.00684432960047544
0.005861831765668666
0.005381972421875545
0.00491746819630291
0.00518089134399502
0.0045498690733657195
0.00486459174425311
0.004489019231085259
0.003763451431152736
0.0038792000151721233
0.003738827740856849
0.0036327247331935887
0.0031014584372166497
0.002577322753872331
0.0021193210946484236
0.0017741828857743734
0.0014335856703578344
0.0011924137929907614
0.0010223442279758172
0.0011884882316224462
0.00160518777940311
0.0014357387780995355
0.0012684345651102116
0.001103234675276201
0.0009400996550043117
0.0007789910308539745
0.0006198712792874663
0.000462703797533585
0.0003074528755172196
0.00015408366880957387
0.0001348724139572073
0.0
0.0
0.0
0.0
0.0
0.0
0.0
0.0
0.0
0.0
0.0
0.0
0.0
0.0
0.0
0.0
0.0
0.0
0.0
0.0
0.0
0.0
0.0
0.0
0.0
0.0
0.0
0.0
0.0
0.0
0.0
0.0
0.0
0.0
