The combination of impact cases are [67, 57, 71, 59, 52, 3, 48, 81, 5, 76]
1809.8213161541398
16.940722123415593
8.0601650498489
5.100219533198792
3.633796616098661
2.7614036521787155
2.1913414758552157
1.790439691678501
1.4975037629074146
1.2745075090117373
1.097674667323124
0.9617436837553877
0.8564062827695019
0.7614018401079508
0.6740993896296857
0.6086687086461902
0.5521143727458264
0.5034069401754233
0.46060822133794976
0.42854680389029215
0.38910335003062857
0.3574577260436363
0.33220802800846694
0.31375636261020823
0.29518451788167954
0.2734301456297695
0.2538395795638652
0.23796858551452788
0.2259380034192018
0.21479790061381146
0.20544775943324756
0.19818386733456436
0.19483326617155222
0.19349490120949017
0.18587747799779697
0.18325187619987265
0.17859888017998576
0.1712735740525955
0.1639338965190263
0.15668185478494986
0.1500550889066953
0.14374362681721395
0.13987587107475669
0.13696007144920805
0.13685083079026628
0.13665055633044781
0.13663551234943108
0.1352730535078553
0.1343674251251843
0.13260768009173643
0.1300250864908116
0.12773683056077811
0.12551591340766335
0.12479945551869867
0.1221019028271037
0.11907161898044173
0.11680941108313839
0.1129377624503965
0.10830054607256318
0.10624789611051146
0.10486267587805884
0.1037453509789179
0.099057088342765
0.0966403996379073
0.09358365193456718
0.09112703012242546
0.08942675090869115
0.08700758373387284
0.08565979673625237
0.08065073699516002
0.07755628733711636
0.07618340184081986
0.07186094707555189
0.0698018480052705
0.06740059212295543
0.06418844075739592
0.06251826000208334
0.062499560126808136
0.0604084109329663
0.06017049234581697
0.05750487681314203
0.053865461473159876
0.050735565026243996
0.04819815389988457
0.04594604163187568
0.047144523870543346
0.04427437689862425
0.04027475955341191
0.038210513416529895
0.03610802632052245
0.03269352255995119
0.029195191997115604
0.027279450165126277
0.02599767409819874
0.024767271462737914
0.025410915405151654
0.02492496386942165
0.02412517437952413
0.02108275818722908
0.02104952108303152
0.02128193992845807
0.021180201742744993
0.021849554604661123
0.022205830951297335
0.019930883432470396
0.02286176509702111
0.02507007909397729
0.024129387345494344
0.028961574784777653
0.025026508526478933
0.022885567408606027
0.02164204918511528
0.017877724148932215
0.016822839120794908
0.01341068538642843
0.010685612053467627
0.011133946012299547
0.008624659039871665
0.006856803280563992
0.005118656886047139
0.005153371554281516
0.003458029262681096
0.0017904771896636211
0.0006305607507407216
0.0
0.0
0.0
0.0
0.0
0.0
0.0
0.0
0.0
0.0
0.0
0.0
0.0
0.0
0.0
0.0
0.0
0.0
0.0
0.0
0.0
0.0
0.0
0.0
0.0
0.0
0.0
0.0
0.0
0.0
0.0
0.0
0.0
0.0
0.0
0.0
0.0
0.0
0.0
0.0
0.0
0.0
0.0
0.0
0.0
0.0
0.0
0.0
0.0
0.0
0.0
0.0
0.0
0.0
0.0
0.0
0.0
0.0
0.0
0.0
0.0
0.0
0.0
0.0
0.0
0.0
0.0
0.0
0.0
0.0
0.0
0.0
0.0
0.0
0.0
0.0
0.0
