The combination of impact cases are [75, 94, 4, 83, 99, 96, 17, 21, 72, 40, 28, 42, 33, 73, 3, 39, 46, 7, 38, 16]
1938.8803155665223
18.21078694301739
8.66395020051125
5.470849132327215
3.88196960932604
2.936383725601804
2.3131465798301627
1.877889199931471
1.560830666010583
1.3208894753222147
1.1320674142861342
0.9803118147615758
0.8551689145548145
0.7506698474014848
0.663720911984785
0.5923602432559147
0.5338003092014012
0.483773347358816
0.4640448133950865
0.4239066452252391
0.3913066595850849
0.36476104276846694
0.3599778722217453
0.3406810415653915
0.3221142291548227
0.30808412770365384
0.3060209009138976
0.28448694765981924
0.26454732826308897
0.264760274696899
0.25084017220227806
0.23934024881368268
0.23093968799609474
0.22309780716394864
0.2136352023985404
0.20436887632672252
0.19495436372476657
0.18823757274166755
0.19505534858181514
0.18951369916257715
0.18569495921075613
0.1782305914080984
0.17369793819522472
0.16939473832240884
0.16650232909910226
0.16107687434948922
0.15526763134431168
0.14954040107373898
0.14480510581443085
0.13930401641931042
0.13645503922799584
0.13223480167391394
0.126656297860592
0.12339057346111088
0.11811559685887492
0.11312672445022814
0.11711171437415699
0.11178719932858303
0.1168729530243179
0.11678413701021367
0.12177866611860552
0.11642159790625424
0.11732332615282191
0.11366874402091957
0.10951081490925993
0.10424651146964968
0.09928546508518483
0.1052210311808481
0.10311584813261437
0.10311474706013975
0.1098394039433897
0.10712020787287216
0.1078206806054274
0.10479461753094468
0.10291097337275623
0.1008437943009795
0.10918034701373473
0.10624974226160823
0.10319808728633421
0.1007181524197728
0.10126102201550952
0.09951551586055495
0.0991061896887729
0.1082544697029496
0.1051287717799023
0.1021268710671382
0.1052536698769316
0.10251220620517382
0.10096676200817091
0.11938879607765236
0.11532929743545639
0.11545440171441039
0.1142443840725382
0.11128064251699411
0.10908926530779003
0.10513640527899046
0.10839238758549613
0.10902468772853634
0.128215881660705
0.1214051216437979
0.11916331946953994
0.11428251627502196
0.1371805443082597
0.13306370020725047
0.1370155746263816
0.13525168178266075
0.1328327816144143
0.12956573480925715
0.12526404938644276
0.12343390543381658
0.12071173847013955
0.11706779614004761
0.11392041199766245
0.11258194717926084
0.13679836140103457
0.13467501607934146
0.13346233167812543
0.17541434772973077
0.16288692486607037
0.16451759364041468
0.1571954540962685
0.15269054018315872
0.1508984442983655
0.15040569983881688
0.1487381470630855
0.1440486802880652
0.1464825623769268
0.15036253988562207
0.1435982771699204
0.13281243111692895
0.12030631272676878
0.11687801348871789
0.12109292173578468
0.11760616282786977
0.1058376980102562
0.10314669311870475
0.09317864027311326
0.12130246547753415
0.11694909307373261
0.11154969415624849
0.11483285868364058
0.10190780724800427
0.10300218951617927
0.08829690889130576
0.1580065378937079
0.1659591619814106
0.14911042147394082
0.13256424386129886
0.1163602302620674
0.09544646461006612
0.08210894929528961
0.06832106145739153
0.07035348857064826
0.05682265083582779
0.04610459136721412
0.039355964904452194
0.05026050700994387
0.04357137572107561
0.036966911621216916
0.037215585585217405
0.030733393332583347
0.024331720205873326
0.023639982000211193
0.017360367382333375
0.015681823817380907
0.032400807870219595
0.026181900546801706
0.0
0.0
0.0
0.0
0.0
0.0
0.0
0.0
0.0
0.0
0.0
0.0
0.0
0.0
0.0
0.0
0.0
0.0
0.0
0.0
0.0
0.0
0.0
0.0
0.0
0.0
0.0
0.0
0.0
0.0
0.0
0.0
0.0
0.0
