The combination of impact cases are [63, 96, 40, 21, 34, 49, 62, 94, 98, 84, 20, 32, 54, 15, 18, 14, 60, 100, 46, 87, 89, 73, 35, 95, 68, 41, 26, 36, 83, 55, 19, 8, 64, 10, 97, 53, 31, 72, 93, 66]
2037.3203773332884
19.1848817201928
9.16396445147581
5.827683308977629
4.170102671683827
3.1857913726571985
2.5347133023735076
2.072741695671348
1.7282957793924727
1.462447592767721
1.2525034564181483
1.0849510513460832
0.9497764218018122
0.8376818660217628
0.7445024224069419
0.6665166880266371
0.608907750527633
0.5565495725515595
0.5235414991792507
0.48273814799843967
0.44517528464440803
0.4112902137048301
0.4026602391754728
0.3758009357832245
0.3523800755149008
0.3306144232189853
0.3280770076676422
0.31768418618331223
0.3007935081703179
0.29383699041357864
0.29032363449180293
0.2778092051538359
0.2661064474895619
0.256457437779447
0.24805716932926314
0.2386066391286656
0.2356768508875268
0.2259780732021571
0.22593668654978086
0.21820208404181424
0.2124231337663065
0.20370797912304783
0.20306798159393685
0.1962198011903312
0.18999134975318593
0.18392746330855347
0.17837106435946284
0.17258041351054323
0.1670637702978028
0.161715673203437
0.15709220109912334
0.1536854417218385
0.14971917964741085
0.14574773444269526
0.1407770616979623
0.13840463365061162
0.1396771735613336
0.1354887073902356
0.13722239729000896
0.13248702999541545
0.13716550949656184
0.13226954144898492
0.13011817843452322
0.13301356920253676
0.12766930600556942
0.12311940663730941
0.12126016040980006
0.12920517445052432
0.12607064884433353
0.12303825425453817
0.12438833938106143
0.12187465556283422
0.122116262143756
0.12090143758938178
0.11966758530144911
0.1185372639539638
0.12031429171348834
0.11956202654728283
0.12394354458997621
0.12176432981594328
0.12051835370285725
0.1216105971054183
0.1200101692847859
0.1223252469350307
0.12019590385196494
0.11777908140105892
0.11789327354376253
0.1165358229098746
0.11135799480599784
0.11699222340046793
0.11836767763345803
0.116543925971328
0.11414831281955551
0.11312731388774837
0.10956629662954077
0.1069320235515327
0.10420166805483654
0.10058685930878576
0.10404024494894235
0.10619541731354352
0.11203199112133569
0.1074781401485553
0.11550547933181071
0.11259353682481832
0.10833202597387573
0.10826705498326158
0.10253183348523116
0.09746344245807963
0.09506280101256803
0.09166368231731173
0.08846371498211658
0.08322408475128454
0.08246527384319804
0.0779641237932803
0.08251636323358914
0.09032468182867713
0.08833545759632984
0.09770532376857725
0.09650728058873904
0.09101320628782189
0.0844963609257643
0.07989495959290153
0.07595829158269284
0.08755359505512039
0.08492339851185872
0.07864020637021835
0.0907918041532405
0.08671811408403098
0.10053205421244273
0.09415237747458563
0.08465970567923116
0.07956558143814474
0.09228171103410572
0.0898125014879829
0.0839935329002695
0.07482965877511653
0.06768603424259963
0.07201700848441842
0.06868529461448417
0.06757212669957323
0.0680493970299277
0.10292238414948837
0.11272361957700423
0.10271962874701251
0.13467261617482465
0.14454709884812522
0.13684940050195427
0.12994028897729798
0.11465188826204638
0.09710506670988048
0.08344089654061328
0.06964418844418323
0.06384845769248082
0.05225960127772912
0.08699836048624682
0.08689549416935005
0.11446801818606828
0.10100092684505703
0.08770429422562538
0.08134497259626544
0.06833737953275582
0.055491361440032305
0.04843483317170985
0.03586851928367678
0.027979938838069693
0.03856415462260255
0.031576797105089996
0.0
0.0
0.0
0.0
0.0
0.0
0.0
0.0
0.0
0.0
0.0
0.0
0.0
0.0
0.0
0.0
0.0
0.0
0.0
0.0
0.0
0.0
0.0
0.0
0.0
0.0
0.0
0.0
0.0
0.0
0.0
0.0
0.0
0.0
