The combination of impact cases are [16, 19, 36, 84, 34, 99, 23, 11, 66, 14]
1774.8491243170063
16.586317855040797
7.8498467054760255
4.925359336168683
3.473923825487376
2.6180809852592746
2.0604921540693923
1.6723800740634522
1.3881655332064364
1.170024685459022
0.995791280954824
0.8550194905489611
0.7402881405143681
0.6435958292433914
0.5647883647796097
0.5011716425373447
0.4573870789568792
0.41839685911031904
0.3751185511941084
0.3408258977870263
0.3102379862785948
0.2868732668721226
0.30016039882582535
0.28522502650700965
0.27087894907769083
0.2535379726836807
0.2374949778094777
0.2250449305999305
0.21594056622786933
0.235833855390522
0.23000976941100576
0.225284784296941
0.22058264638963665
0.21849514629042768
0.21700662621732925
0.21275731686481691
0.20625893495741676
0.1996505778825523
0.22114561693122997
0.2128486999678756
0.2052119100898743
0.19651491357444842
0.18918136138969632
0.1839369692570685
0.1790136149091108
0.17039522631859677
0.16442775957807493
0.15750633874642608
0.15147184830190177
0.14686185157056816
0.14582723971776337
0.13856903835709397
0.13504870247599748
0.13148316300265087
0.1304796259811456
0.125360426754177
0.11966471265654874
0.11719201079377531
0.1307709702142939
0.12615540648498613
0.15024392589508187
0.14214661246353386
0.13279334769229173
0.1282455777210311
0.11856417717104453
0.11277458176067386
0.10881593509794443
0.10022237477510348
0.09353488955044685
0.08917435063357189
0.10458051337395528
0.09957776830841117
0.11367865537081949
0.10658620529463776
0.09917776556038595
0.08957007444639906
0.10956633345772995
0.09875232468250965
0.08975089507007934
0.08233950946505296
0.08571602626086922
0.0999769332212135
0.09459950425613313
0.08699834330556312
0.08870769544339034
0.08583524397665875
0.09231978451850825
0.10108988456588008
0.09669389626300265
0.09607843359803875
0.09679581788183661
0.09993589748976422
0.10030857469737153
0.10576348445426947
0.09961068432848594
0.09737021585649219
0.09006696384355214
0.08582023046174392
0.12386597016029637
0.11220948876681887
0.10369742379547678
0.09871799849971807
0.0919239522311679
0.0875657952406718
0.09757374290572773
0.0968282920534547
0.09289055789245407
0.08267758197631817
0.07607758711276519
0.07058307708765878
0.07103719984182472
0.06763001817880801
0.07069168923805881
0.06744533138178607
0.07755224495918144
0.06818304019199303
0.0589753595128452
0.11674770510276779
0.12888457265467917
0.13434564061755314
0.11656090908080843
0.09907011575517452
0.0818660332442927
0.0649416691699758
0.048290256696434636
0.05130665280041602
0.04296361138601494
0.07700479474408799
0.06859135211822165
0.06030834035187407
0.052152749733660915
0.044121662444767625
0.036212249078432825
0.028421765316437562
0.02074754875439627
0.013187015868136474
0.005737659113903214
0.0
0.0
0.0
0.0
0.0
0.0
0.0
0.0
0.0
0.0
0.0
0.0
0.0
0.0
0.0
0.0
0.0
0.0
0.0
0.0
0.0
0.0
0.0
0.0
0.0
0.0
0.0
0.0
0.0
0.0
0.0
0.0
0.0
0.0
0.0
0.0
0.0
0.0
0.0
0.0
0.0
0.0
0.0
0.0
0.0
0.0
0.0
0.0
0.0
0.0
0.0
0.0
0.0
0.0
0.0
0.0
0.0
0.0
0.0
0.0
0.0
0.0
0.0
0.0
