The combination of impact cases are [19, 56]
2699.211051155411
25.73608645136305
12.437043025351471
7.986112592716422
5.768594524816201
4.448999392622836
3.578813800722064
2.968735359612927
2.523315445028165
2.1799849300912704
1.9063042071989322
1.683334599517314
1.4972109712740507
1.3381048957650827
1.2013473301351008
1.0797216074813587
0.9733402906195467
0.8812231411284353
0.8000274372890815
0.7284638891479468
0.6649430479400981
0.6084275274370693
0.5589153872657856
0.5144616872342577
0.4754222155548187
0.4403184706832721
0.4083104661345515
0.3803650636662678
0.3550081380282326
0.3323717501246576
0.31240288104519714
0.29524440853114825
0.28041796211136993
0.2681958134708772
0.2574859144175755
0.2481650122222456
0.240169874652677
0.23009666330755357
0.22165491683495475
0.21317432084333565
0.20499016887520458
0.197700803274088
0.19277361438403068
0.18800074904048833
0.1851796758943749
0.18443876353475197
0.18386499850428545
0.18013808920387658
0.1754672713916811
0.1723982457099476
0.16913648657811994
0.16614369185435335
0.1640472652608163
0.1623786527377257
0.16017731479724062
0.1606161276554144
0.16553672084658333
0.16656019808438025
0.16311920581845255
0.1606568082609604
0.1622522369246174
0.1609970080548399
0.15874029429433012
0.15716335528208153
0.15384257036222215
0.15218156101943633
0.14769294929154492
0.1427587122311763
0.14038785876483056
0.13533843386732602
0.13358349612295636
0.13055123212935818
0.12749910997459749
0.12202260299909246
0.11805804970261638
0.11199518802423195
0.10797115528882126
0.10187876218447199
0.09714150934162646
0.09166463652956836
0.08730317324616946
0.08402642449486239
0.08023987495842606
0.07526148145531934
0.07479670664161497
0.07325606797187256
0.07072382472335505
0.06910279836223134
0.06576012259688893
0.06305258609407337
0.06130144821116155
0.05885770329352307
0.05562704930399631
0.05245963918819111
0.0489827259361116
0.04560020659446774
0.04127354157713481
0.03729654118398766
0.03360673408650599
0.03027477881659767
0.02705992628573694
0.026004830978032346
0.025536624065830783
0.02340237637638118
0.022498282752894668
0.021653022811433026
0.021051166681247662
0.022696517779147687
0.025658492974098016
0.02444047605122905
0.022900411866267838
0.019777759775881528
0.021535975372396057
0.027980839528153858
0.036449108717829096
0.04366733693175113
0.059126212671610154
0.05434776458783729
0.049650300286176535
0.045031778330233266
0.04049022532582247
0.03602373310953901
0.06572943979659673
0.06113038738218356
0.056605507250584275
0.05215301940941776
0.047771200369513024
0.043458380920548344
0.03921294401094971
0.035033322726390134
0.030917998361582554
0.026865498580380905
0.022874395659505768
0.018943304811495403
0.015070882582742355
0.011255825322723727
0.0074968677207595475
0.003792781406850923
0.0007409326312234844
0.0
0.0
0.0
0.0
0.0
0.0
0.0
0.0
0.0
0.0
0.0
0.0
0.0
0.0
0.0
0.0
0.0
0.0
0.0
0.0
0.0
0.0
0.0
0.0
0.0
0.0
0.0
0.0
0.0
0.0
0.0
0.0
0.0
0.0
0.0
0.0
0.0
0.0
0.0
0.0
0.0
0.0
0.0
0.0
0.0
0.0
0.0
0.0
0.0
0.0
0.0
0.0
0.0
0.0
0.0
0.0
0.0
0.0
0.0
0.0
0.0
0.0
