The combination of impact cases are [72, 30, 86, 62, 25]
2426.413002079651
23.03833732637878
11.101123072218364
7.129934993200232
5.146591065658097
3.9613361073485507
3.169354854679361
2.605131273809506
2.186779512962694
1.8649260778675054
1.6114895090489714
1.4076845020499444
1.2401036933803011
1.1008119352330459
0.9842080052889355
0.8854251979608065
0.8012359535352112
0.7286539340534823
0.6661260252947692
0.6111260050557352
0.5632764053098902
0.5222431351111875
0.6107888995945313
0.5749669543628735
0.5422252915868359
0.5095868639671461
0.478434238780605
0.44986918907703827
0.42360451754756423
0.4001872175152274
0.3802606042290276
0.3633986438169143
0.3497255609267456
0.3388283953121869
0.3294725915507959
0.3210145203584971
0.3132387467176413
0.30712933302045625
0.30166720247004286
0.29249597616030865
0.2835839169054139
0.27327916779344147
0.2648822052455307
0.2556450558945555
0.24473046872731025
0.23689370707194424
0.23172248161964537
0.22628095732440642
0.22117801021191213
0.21485808248029578
0.2103114770482921
0.20674940590730193
0.20077349488893886
0.1927335165139484
0.18733936613416446
0.18371053835202222
0.17799648049484415
0.17097581233048217
0.16297460100570293
0.1559210443252388
0.20026462969455822
0.19632857761300168
0.19205632566759645
0.1867323618463525
0.1827827779245608
0.17482221939264014
0.1681847709751747
0.1621661093985394
0.15832657788182508
0.15428108329383464
0.14552605879377517
0.14243792008071846
0.13611730759777488
0.13082031831114255
0.13088130634611825
0.12440827427264659
0.1810670332542212
0.18195964610724583
0.18531332460648692
0.17526222747154996
0.1668849450272825
0.1692798594895576
0.1683582209281021
0.1573107362114699
0.15732180839635207
0.14303177030289044
0.1555313916991734
0.15297993201881424
0.1645889519151813
0.17176331966464095
0.15323357832542991
0.1452267393586425
0.1443690766205601
0.1311367024072138
0.16699028896231416
0.15099113716700763
0.14022095253003747
0.13477976176669865
0.2595800343270118
0.2499804323112813
0.2530634739691584
0.23555042143974125
0.23410545793473614
0.2084487469191105
0.17760124445305367
0.1672631300764464
0.14681918026176902
0.15145506513309598
0.16574294275701315
0.16678779267208832
0.14709151249007354
0.1277500882686623
0.11578638668865471
0.10445013399926639
0.09409234404475823
0.08042890430729153
0.08724450589815806
0.0
0.0
0.0
0.0
0.0
0.0
0.0
0.0
0.0
0.0
0.0
0.0
0.0
0.0
0.0
0.0
0.0
0.0
0.0
0.0
0.0
0.0
0.0
0.0
0.0
0.0
0.0
0.0
0.0
0.0
0.0
0.0
0.0
0.0
0.0
0.0
0.0
0.0
0.0
0.0
0.0
0.0
0.0
0.0
0.0
0.0
0.0
0.0
0.0
0.0
0.0
0.0
0.0
0.0
0.0
0.0
0.0
0.0
0.0
0.0
0.0
0.0
0.0
0.0
0.0
0.0
0.0
0.0
0.0
0.0
0.0
0.0
0.0
0.0
0.0
0.0
0.0
0.0
0.0
0.0
0.0
0.0
0.0
0.0
