The combination of impact cases are [93, 82, 13, 40, 3, 29, 14, 11, 76, 9, 36, 43, 47, 2, 77, 95, 65, 87, 21, 8]
1832.8297127229775
17.159508856261915
8.1334709254393
5.115991857704869
3.6149909748535527
2.7235314340459245
2.138945532367534
1.7316477116287203
1.4325303258621307
1.204250188568263
1.0265126766152934
0.8866395743080357
0.7726590969744416
0.6798947538197273
0.6041638823576879
0.5406800459837028
0.49521853981203534
0.45921459191754593
0.4245472443276962
0.39461037002362476
0.36899957422457724
0.34796625053870006
0.331629805141537
0.31619349796388174
0.30233200649394276
0.28678541643695676
0.27152163434610777
0.2588603744927607
0.24571389554094358
0.2337090608853003
0.2250461616214014
0.2155611412625657
0.20744280055829858
0.20273050444033805
0.20011765660516698
0.1922979590358292
0.18257203471040648
0.17358971027237852
0.16578620371069458
0.1599121171605546
0.15838873404553713
0.15242565559319887
0.14847847443584394
0.144404147903772
0.14087215403511552
0.13664424290176266
0.13237105864263818
0.12863329044637445
0.12599637781677855
0.12557029811768766
0.1245420438752794
0.11844178520612475
0.11526579066511307
0.11243363212186726
0.10821554781122919
0.10250667161599424
0.09597486343931672
0.09128761957793126
0.08796365447548797
0.08508568102026677
0.08375981910885502
0.08270382738235645
0.08032820224569248
0.07636650153648515
0.07327206752460172
0.06891515406039503
0.06603989924912793
0.06188174332753097
0.05860184593502941
0.0575944598816291
0.05544764216340453
0.05456877153680417
0.05304805308433214
0.05291566834956582
0.05442321034744496
0.0530889936650423
0.055457485131786596
0.05504393119959387
0.054850333920037436
0.05594356937818828
0.059128542335875264
0.06042090816031049
0.05980307336938473
0.05620498743903421
0.053201892451062126
0.05186582190735817
0.052697431730059696
0.0505776276830574
0.050909423975828594
0.049370671952087386
0.0454886029852222
0.04162488711673534
0.04337952168926569
0.04245067219068674
0.039277817903161684
0.03712829217387736
0.0361002731543618
0.03442860772389911
0.0326839822504572
0.030746580726539345
0.030972909622881017
0.03215644732826811
0.030618549190526673
0.028985868137208246
0.027505527973982757
0.02663266516049205
0.025354718867964983
0.02333613408164605
0.022462726689418764
0.02186802502480301
0.02118869228416298
0.02011445129552116
0.019088161602882823
0.01910245870774933
0.018125905806476904
0.017927383737030504
0.017149248659682332
0.01643942033820163
0.014605343400475028
0.013576603703059603
0.012433178265089578
0.011840758495220611
0.011872764148278307
0.012922859021879495
0.01259080215686939
0.012283544793656204
0.011647965935580824
0.011004297570525392
0.01009000279791239
0.009265008007993004
0.008039986798890208
0.00791781183370871
0.009609857713260929
0.009040502701623694
0.008703617560164557
0.007528122285944969
0.00636991243588387
0.005565403970638644
0.004800492706323264
0.0055324790834925365
0.004778729503415411
0.004035670648498248
0.005058107264006578
0.00432348655988325
0.00359906821256254
0.0043711650296287445
0.004798503726300953
0.004085637231709774
0.0033824034172372747
0.002688608349320195
0.0020040632656122426
0.0013285844037629925
0.0006619928369552023
0.00019406107161099262
0.0
0.0
0.0
0.0
0.0
0.0
0.0
0.0
0.0
0.0
0.0
0.0
0.0
0.0
0.0
0.0
0.0
0.0
0.0
0.0
0.0
0.0
0.0
0.0
0.0
0.0
0.0
0.0
0.0
0.0
0.0
0.0
0.0
0.0
0.0
0.0
0.0
0.0
0.0
0.0
0.0
0.0
0.0
0.0
0.0
0.0
0.0
