The combination of impact cases are [44, 91, 29, 61, 8]
2141.5381531653184
20.219492086701575
9.696674053569255
6.206878722548803
4.464694732850892
3.4213907700486366
2.718500341442094
2.2173747990015817
1.8441547706240897
1.5580335487129573
1.3344097801609696
1.158338251215931
1.0172193333518682
0.9075759677412354
0.8180827630273332
0.7374658125960879
0.6662411309273207
0.6057919048969203
0.5541474530719648
0.5082261215528229
0.4676400715667159
0.43170063536811637
0.49659360466776253
0.45737557570375614
0.4254522131952323
0.3974550602059288
0.37146902310655333
0.348593300518225
0.3272440759254882
0.31005754007359776
0.2949565962725154
0.2764938457098643
0.25634223269179
0.23988878251788773
0.236948595200422
0.21888619389485364
0.2043275883499069
0.1894785751585511
0.17855979063063587
0.16993085913456912
0.16165887056973213
0.15316666439000567
0.14521322503797496
0.1393702918559829
0.13687776966398885
0.13545345302360154
0.13048048690001754
0.12455218118384095
0.11953176627129791
0.11445018983789788
0.11023830799050585
0.10530231733257031
0.10273157054956902
0.0975860684000208
0.09420722331029965
0.08860371722884551
0.0860435185746956
0.08487354584287918
0.08005487804737925
0.07802534679037951
0.1076954983438021
0.10733672968882153
0.10812281170315156
0.10436536035181894
0.10463176041011563
0.10274509236827148
0.1062487898453085
0.106195134662359
0.09961385794451211
0.09910969771935316
0.09200633887579968
0.09773014091287689
0.09162812221813046
0.08482871168393592
0.0894588951993443
0.08192993674345436
0.11352047365287873
0.103256419119434
0.0911374517196499
0.09199581200598717
0.09335147712016897
0.09573830880341573
0.10590729594392818
0.10532498416253475
0.10971936894776713
0.11226791830175244
0.11957481487872365
0.12011522897783515
0.1251600550987665
0.12027612298627299
0.12785408519567554
0.12201160363602012
0.12006344562686305
0.11535576748447017
0.1149927167056621
0.11646265985460297
0.1132095027253624
0.10173429916915705
0.19887111657114442
0.1961941931142897
0.20917311078890474
0.1873022752295252
0.17507333471235206
0.1768828582898213
0.18279767637098088
0.1766653749790683
0.15613273310837478
0.15202980742737207
0.14666086444466236
0.12696853479969408
0.10763421496393336
0.14226134177503716
0.12313571609686752
0.12410205447843381
0.10547121468225334
0.12075525904477467
0.10247446213154346
0.0
0.0
0.0
0.0
0.0
0.0
0.0
0.0
0.0
0.0
0.0
0.0
0.0
0.0
0.0
0.0
0.0
0.0
0.0
0.0
0.0
0.0
0.0
0.0
0.0
0.0
0.0
0.0
0.0
0.0
0.0
0.0
0.0
0.0
0.0
0.0
0.0
0.0
0.0
0.0
0.0
0.0
0.0
0.0
0.0
0.0
0.0
0.0
0.0
0.0
0.0
0.0
0.0
0.0
0.0
0.0
0.0
0.0
0.0
0.0
0.0
0.0
0.0
0.0
0.0
0.0
0.0
0.0
0.0
0.0
0.0
0.0
0.0
0.0
0.0
0.0
0.0
0.0
0.0
0.0
0.0
0.0
0.0
0.0
