The combination of impact cases are [90, 40, 3, 54, 14, 59, 57, 24, 85, 80]
1796.2784611382924
16.80089473765475
7.979568304376709
5.040028303894463
3.5814439107308904
2.7164291800120215
2.1516482141498616
1.7580722018879806
1.4709679484583738
1.249525800764466
1.074734260827227
0.9344170695380049
0.8183918489584767
0.7206134383314456
0.6392820114282692
0.5753894585703477
0.5363447383141471
0.5012179136900828
0.45964664159118196
0.421990884077175
0.38600434956290514
0.35906884243361403
0.37648434585241486
0.35486948678999647
0.33415165390839835
0.31070664925335045
0.2899466059934019
0.27381407217385223
0.2591906714796658
0.2760541998346979
0.2631936682630822
0.25265774459923157
0.24650171066211485
0.2411537660317765
0.22977619505796754
0.22617197277082982
0.21946008107700943
0.20916133360554115
0.22866131811247412
0.2158363234367409
0.20964866372535787
0.19508255752170345
0.18481239574155645
0.1781577872997666
0.17365978093206416
0.1699140529246417
0.16777121853009364
0.16477900149569175
0.16379985399703695
0.16166196700388324
0.15762738131907392
0.15329473389891074
0.15206884570958717
0.14936907221865997
0.1468389581913151
0.14263156218697445
0.13891435374243596
0.1330046923156279
0.147106405484339
0.14018764190212232
0.16289955515619614
0.15912620686216783
0.15675525020031353
0.1527520764764092
0.1477888077583532
0.14913520002344732
0.150551719816987
0.14949140035337252
0.14215582629071513
0.14334231969111796
0.17785441884858347
0.17970561112079747
0.17653328677277896
0.1691258802889819
0.16448490195755489
0.16535399440243967
0.21372380727485252
0.2040980788350011
0.196736970920586
0.18524134273900433
0.1748282634736813
0.16941090207183665
0.16128498309180075
0.15127471182014943
0.14745201791522447
0.14326458722775892
0.13667740782388424
0.13326232484081657
0.12930952587504943
0.12005959200223383
0.11554886467896237
0.10699283289478337
0.09766905545950363
0.10714544365851184
0.1025692563880212
0.09494025193666643
0.09110748342262796
0.08521537726373792
0.12064812970583089
0.11871365191375191
0.11665805728341015
0.11408200072971925
0.12170783353778199
0.12606218303924177
0.11922274931490891
0.1379349280004928
0.1279131868890929
0.12068782525353815
0.13572018139420988
0.1266094181963046
0.1198518920589613
0.10664231588678785
0.10944604289355292
0.10099456281322292
0.10911444071261647
0.1021794820626196
0.09241778401126852
0.19093580014042244
0.18324698605104983
0.15649925919888139
0.1476362343477439
0.1445847428947568
0.1188115707776557
0.10974451775289942
0.0864770611868346
0.08015252742417742
0.10684565082877218
0.09025762120484984
0.07392875929531154
0.07411572782299417
0.05816221870949617
0.042452256028371764
0.026980305052748725
0.02849338757256882
0.020818636555965445
0.013257577132402448
0.005807701583492277
0.0
0.0
0.0
0.0
0.0
0.0
0.0
0.0
0.0
0.0
0.0
0.0
0.0
0.0
0.0
0.0
0.0
0.0
0.0
0.0
0.0
0.0
0.0
0.0
0.0
0.0
0.0
0.0
0.0
0.0
0.0
0.0
0.0
0.0
0.0
0.0
0.0
0.0
0.0
0.0
0.0
0.0
0.0
0.0
0.0
0.0
0.0
0.0
0.0
0.0
0.0
0.0
0.0
0.0
0.0
0.0
0.0
0.0
0.0
0.0
0.0
0.0
0.0
0.0
