The combination of impact cases are [92, 76, 39, 63, 17]
2112.94694115268
19.93404177926908
9.54069082147529
6.089721900931466
4.377898332222921
3.3509902196342285
2.6696380757216254
2.1869802026961747
1.8324352733125893
1.5660141657061581
1.355599165439156
1.1857396725075577
1.038728504738693
0.9125572406669223
0.8068895891147541
0.7219713493808158
0.645168461262056
0.5776065423792891
0.517338357438481
0.46605799325851827
0.4229680477575652
0.38721826506647355
0.44726826393230423
0.4195649837689583
0.39647601936692206
0.3989524851796936
0.3674904586005073
0.3378969027815749
0.3111280902858087
0.2918073939940459
0.27313898520238833
0.2608814848445334
0.2504172610848192
0.2419448929027611
0.23396963241543325
0.22683555909744074
0.22064915717361827
0.21401505984138677
0.20865442119042307
0.20388792300272846
0.19947157261687945
0.1962084786945963
0.19290622084763237
0.19050322175128367
0.18632849347951824
0.1827027370955498
0.1791807593742693
0.17502124856188217
0.17121054685477155
0.16579788250372837
0.16059054282913962
0.15623385935146172
0.15113609722029475
0.1465070002978179
0.14172344631782094
0.1405276421496564
0.13843060954930067
0.13479547826370364
0.13047967234065372
0.1264291326751077
0.1603578912633562
0.15651403776340542
0.15152684382113119
0.1458307526885004
0.1438796651768063
0.13970314675518222
0.1369519532769505
0.1331799075357099
0.12890737776401684
0.1244510371777102
0.12170767232637847
0.11877486614112925
0.11772475001112004
0.11690349927756774
0.1200745052912583
0.12056047858412158
0.18449614129337533
0.18679097829898186
0.1919641303696935
0.20168402212395728
0.2017910918417804
0.19891711950199473
0.1963186857932883
0.19359408383255003
0.18151929075017775
0.18047939806840935
0.17566840385120147
0.17324030423062223
0.17568855658996416
0.1715196128807027
0.16332835183160516
0.1588901897969236
0.15419195626365978
0.148216853043185
0.14796843615103727
0.1470245413419165
0.1512568187461485
0.15604757349795925
0.29961237951165576
0.2754925892949682
0.2715140831529848
0.2745147918411504
0.2538798670689443
0.2286215859415036
0.23821348025695555
0.22345978920001225
0.23460657446188382
0.2043794315841384
0.201647273520267
0.17939400236045186
0.20750344576812776
0.1786096215061651
0.16528189826608441
0.1372730328182397
0.12044060180186202
0.110270955599072
0.10180572255142485
0.0
0.0
0.0
0.0
0.0
0.0
0.0
0.0
0.0
0.0
0.0
0.0
0.0
0.0
0.0
0.0
0.0
0.0
0.0
0.0
0.0
0.0
0.0
0.0
0.0
0.0
0.0
0.0
0.0
0.0
0.0
0.0
0.0
0.0
0.0
0.0
0.0
0.0
0.0
0.0
0.0
0.0
0.0
0.0
0.0
0.0
0.0
0.0
0.0
0.0
0.0
0.0
0.0
0.0
0.0
0.0
0.0
0.0
0.0
0.0
0.0
0.0
0.0
0.0
0.0
0.0
0.0
0.0
0.0
0.0
0.0
0.0
0.0
0.0
0.0
0.0
0.0
0.0
0.0
0.0
0.0
0.0
0.0
0.0
