The combination of impact cases are [73, 25, 84, 80, 63, 50, 74, 83, 8, 65, 11, 23, 36, 34, 48, 40, 90, 35, 2, 39, 22, 70, 26, 54, 57, 79, 20, 7, 46, 66, 88, 14, 53, 33, 45, 59, 85, 17, 47, 44, 19, 60, 16, 96, 55, 49, 1, 5, 52, 94, 76, 10, 97, 29, 100, 87, 12, 98, 4, 43]
1988.5307819468917
18.703089177065504
8.92506889968653
5.665704733351413
4.044658347587193
3.080051628882096
2.4443334560587355
1.9966840446047054
1.6663269533502751
1.4131728198830957
1.2125317303145695
1.0527620140702616
0.9223744884157683
0.8125269068430315
0.7196857598345243
0.6439922294322732
0.582085045581517
0.5283679027001836
0.4895124597891673
0.4493219108441419
0.41104322849783825
0.3784528249282876
0.36252745823813587
0.33913240762204827
0.3176647686790581
0.2979586490987373
0.28861807041768406
0.279958506331583
0.26337313512834293
0.254594432172876
0.24786260433231744
0.2380036695295681
0.22905510560408057
0.2212085796096276
0.21365804130774885
0.20576130563032669
0.2017031276309345
0.193473559602734
0.18997370454580198
0.18319373427571775
0.17744702210916857
0.1702292489497377
0.1683383174874242
0.16694809315353834
0.16622929286819244
0.16157622735744745
0.1578182698796726
0.1541481901038342
0.15453312606671013
0.15021805884415101
0.14597845807696683
0.14590568432949494
0.14332485944221973
0.13994353594376274
0.13632137123983434
0.1325541475271988
0.13502554953471926
0.13220782166248307
0.1317857768064579
0.12784252319217368
0.1308241345842851
0.13175726182031178
0.13332250198125528
0.1331246399463651
0.12984162760126125
0.12535676334145468
0.12619278797489927
0.1300486810857243
0.12880669770173986
0.12685479645234082
0.1305231901541168
0.12759880755307063
0.12763323433631174
0.12476740822147105
0.123322256111906
0.1200736883273069
0.12033912750711864
0.1165917539711822
0.11727285309488118
0.11840986772193199
0.12173089905808479
0.11786855587040465
0.1140577839790477
0.1142277224354831
0.11041993024231653
0.1099316441758971
0.10871346701816346
0.10658727497474128
0.10439306531097974
0.10645492315065386
0.10587781640497809
0.10369106157725637
0.10038390250546915
0.09774728876746869
0.09558794447909223
0.0987768939457577
0.09433043889057888
0.09056275110588953
0.09003762305212612
0.09021026591436003
0.09679324825088016
0.09387572496827495
0.09730424648128373
0.09344292800808968
0.09069758254972196
0.09065095802235815
0.08478379518335913
0.08687434287659555
0.08855891818218543
0.08224361251569402
0.07900231035787483
0.07294103138748977
0.07044180017633019
0.06793188217173778
0.07023218400177407
0.07262492143382898
0.0694459971976453
0.0724348643641961
0.07109784849540846
0.06904729017945482
0.06361326250699641
0.060468937313841974
0.05469315999572315
0.054892468088734526
0.05622789351353596
0.0508188124002894
0.05745368799784674
0.0568299823868536
0.061597803572772634
0.05754450868882548
0.051256240372527635
0.046820985207514966
0.048927093729109444
0.04794776348673443
0.04309792206922274
0.04138641706460194
0.03750342966915381
0.04202372779615465
0.04074728798127474
0.04292661587617708
0.04461032183664098
0.06094713625672366
0.06139774017871136
0.05580471820193469
0.06578795603279951
0.06722363236789185
0.05924290882596315
0.08908391666020021
0.08082785408967362
0.07021898321667852
0.06340026388449085
0.05635834440655331
0.057228529322928795
0.0503189905616192
0.08699836048624682
0.08689549416935005
0.11446801818606828
0.10100092684505703
0.08770429422562538
0.08134497259626544
0.06833737953275582
0.055491361440032305
0.04843483317170985
0.03586851928367678
0.027979938838069693
0.03856415462260255
0.031576797105089996
0.0
0.0
0.0
0.0
0.0
0.0
0.0
0.0
0.0
0.0
0.0
0.0
0.0
0.0
0.0
0.0
0.0
0.0
0.0
0.0
0.0
0.0
0.0
0.0
0.0
0.0
0.0
0.0
0.0
0.0
0.0
0.0
0.0
0.0
