5e-05   55446.046540018884
0.0050497499999999996   2.9095015077078843
0.0100495   0.3962665221421477
0.015049249999999998   0.16856802375205515
0.020049   0.04230858680059961
0.02504875   0.03786252695483259
0.0300485   0.003963611444656702
0.03504825   0
0.040048   0
0.04504775   0
0.0500475   0
0.05504725   0
0.060046999999999996   0
0.06504674999999999   0
0.0700465   0
0.07504625   0
0.08004599999999999   0
0.08504574999999999   0
0.09004549999999999   0
0.09504525   0
0.100045   0
0.10504474999999999   0
0.11004449999999999   0
0.11504424999999999   0
0.12004399999999998   0
0.12504375   0
0.13004349999999998   0
0.13504325   0
0.140043   0
0.14504275   0
0.1500425   0
0.15504225   0
0.160042   0
0.16504175   0
0.17004149999999998   0
0.17504124999999998   0
0.18004099999999998   0
0.18504074999999998   0
0.1900405   0
0.19504025   0
0.20004   0
0.20503975   0
0.2100395   0
0.21503925   0
0.22003899999999998   0
0.22503874999999998   0
0.23003849999999998   0
0.23503824999999998   0
0.24003799999999997   0
0.24503775   0
0.2500375   0
0.25503725   0
0.26003699999999996   0
0.26503675   0
0.2700365   0
0.27503625   0
0.280036   0
0.28503575   0
0.2900355   0
0.29503524999999997   0
0.300035   0
0.30503474999999997   0
0.3100345   0
0.31503424999999996   0
0.320034   0
0.32503375   0
0.3300335   0
0.33503325   0
0.340033   0
0.34503275   0
0.35003249999999997   0
0.35503225   0
0.36003199999999996   0
0.36503175   0
0.37003149999999996   0
0.37503125   0
0.380031   0
0.38503075   0
0.3900305   0
0.39503024999999997   0
0.40003   0
0.40502974999999997   0
0.4100295   0
0.41502924999999996   0
0.420029   0
0.42502874999999996   0
0.4300285   0
0.43502825   0
0.440028   0
0.44502775   0
0.45002749999999997   0
0.45502725   0
0.46002699999999996   0
0.46502675   0
0.47002649999999996   0
0.47502625   0
0.48002599999999995   0
0.48502575   0
0.4900255   0
0.49502524999999997   0
0.500025   0
0.50502475   0
0.5100245   0
0.51502425   0
0.5200239999999999   0
0.52502375   0
0.5300235   0
0.53502325   0
0.540023   0
0.54502275   0
0.5500225   0
0.5550222499999999   0
0.560022   0
0.56502175   0
0.5700215   0
0.5750212499999999   0
0.580021   0
0.58502075   0
0.5900205   0
0.59502025   0
0.60002   0
0.60501975   0
0.6100194999999999   0
0.61501925   0
0.620019   0
0.62501875   0
0.6300184999999999   0
0.63501825   0
0.640018   0
0.64501775   0
0.6500175   0
0.65501725   0
0.660017   0
0.6650167499999999   0
0.6700165   0
0.67501625   0
0.680016   0
0.6850157499999999   0
0.6900155   0
0.69501525   0
0.7000149999999999   0
0.70501475   0
0.7100145   0
0.71501425   0
0.7200139999999999   0
0.72501375   0
0.7300135   0
0.73501325   0
0.7400129999999999   0
0.74501275   0
0.7500125   0
0.7550122499999999   0
0.760012   0
0.76501175   0
0.7700115   0
0.7750112499999999   0
0.780011   0
0.78501075   0
0.7900105   0
0.7950102499999999   0
0.80001   0
0.80500975   0
0.8100094999999999   0
0.81500925   0
0.820009   0
0.82500875   0
0.8300084999999999   0
0.83500825   0
0.840008   0
0.84500775   0
0.8500074999999999   0
0.85500725   0
0.860007   0
0.8650067499999999   0
0.8700065   0
0.87500625   0
0.880006   0
0.8850057499999999   0
0.8900055   0
0.89500525   0
0.9000049999999999   0
0.9050047499999999   0
0.9100045   0
0.91500425   0
0.9200039999999999   0
0.92500375   0
0.9300035   0
0.93500325   0
0.9400029999999999   0
0.94500275   0
0.9500025   0
0.9550022499999999   0
0.9600019999999999   0
0.96500175   0
0.9700015   0
0.9750012499999999   0
0.980001   0
0.98500075   0
0.9900005   0
0.9950002499999999   0
1.0   0
