The combination of impact cases are [27, 85, 35, 68, 9, 55, 45, 32, 67, 74, 25, 76, 48, 6, 13, 33, 56, 43, 47, 65]
1937.5792486072978
18.1967037586859
8.655278146604056
5.46997069007519
3.885601242987675
2.946389198882929
2.3335644129399267
1.9088847947741396
1.5969926721938945
1.3585853293465109
1.1717200039523834
1.0217325842026526
0.8979349468482072
0.7937553705279988
0.7068656459269411
0.6330707172076493
0.5796480699193003
0.527952842775476
0.4860151113433579
0.4522635927534435
0.4195531097660289
0.38961450645088874
0.3628340931654507
0.33936515894142305
0.32014979129238247
0.30373165691501874
0.2876941290761496
0.2745277254237454
0.26328476070314755
0.25133909534799337
0.2418419883549962
0.23170561829104527
0.2212526719740069
0.21156109123244507
0.19893287224192238
0.18801193767116917
0.17711053037505492
0.1667414208998171
0.15963973673996248
0.15347883869479717
0.15139881652457246
0.1447034993538287
0.14024383849985356
0.13488568548110302
0.13069221083087956
0.1252512605236997
0.11908962675350325
0.1155765901948609
0.11320841329077413
0.11233738971424444
0.11046875018112397
0.10387016646792331
0.09923999795093978
0.09665813042589795
0.09132121308726905
0.08636756880603239
0.08222371398904114
0.0792333316201025
0.0754657688680769
0.07416423371976405
0.07299371178554111
0.07466092626908753
0.07486841303888829
0.07589851811651205
0.07464169183194941
0.07008605414321072
0.06749681635841244
0.06452406541826097
0.061975709574911435
0.06039981736582646
0.05730961427196931
0.05541380240546953
0.05351989673845784
0.05465799714788561
0.05607318995500125
0.05413579163017332
0.055190589646168686
0.05531691675500198
0.05482357194939977
0.05549979409987491
0.05353323590469161
0.05127555016655208
0.048541545419079866
0.045820519810844375
0.04499678359629471
0.046262321811333475
0.04373493829203496
0.04174750488529361
0.0398781066854139
0.039110316106086646
0.03691947902065296
0.03510632213663509
0.03356662048761448
0.03276583748091613
0.03191702697912644
0.03085620803438245
0.029013427002745916
0.027434452257275116
0.026040780197303853
0.02457200466630044
0.023156824590191468
0.02208985546713201
0.021977919724681785
0.020891149958847423
0.019234482771291885
0.017703911130241626
0.01684772082306906
0.016601755860643372
0.017873466382812446
0.016214909920774363
0.016196595977847856
0.014335080350079518
0.01336508633334301
0.012567031583653056
0.013940432584876514
0.014919325942785229
0.016321454348004156
0.015556021244165753
0.014982071827024107
0.013665899587084713
0.012759837087320751
0.013468055967043507
0.015495981783408271
0.015355131892213122
0.01437314267788568
0.012658294731158079
0.013501315834376316
0.012288962955001682
0.012907524280567118
0.01125720629393534
0.009632275861803714
0.008032151634174523
0.009984584109197201
0.008456930972039447
0.008574830246717804
0.00740028888193433
0.006243018914260854
0.005102642165526871
0.004038647320241357
0.0032166614329685638
0.002479452226023739
0.0018701676099684456
0.0015049104630961798
0.0011447614505585087
0.0007896141602802248
0.0004393651154891912
9.391367419918008e-05
0.0
0.0
0.0
0.0
0.0
0.0
0.0
0.0
0.0
0.0
0.0
0.0
0.0
0.0
0.0
0.0
0.0
0.0
0.0
0.0
0.0
0.0
0.0
0.0
0.0
0.0
0.0
0.0
0.0
0.0
0.0
0.0
0.0
0.0
0.0
0.0
0.0
0.0
0.0
0.0
0.0
0.0
0.0
0.0
0.0
0.0
0.0
0.0
0.0
0.0
0.0
0.0
0.0
0.0
