The combination of impact cases are [68, 47, 29, 45, 43, 88, 95, 59, 80, 48, 99, 22, 79, 17, 89, 38, 39, 83, 24, 100, 74, 53, 11, 52, 27, 40, 86, 91, 7, 5, 66, 73, 63, 90, 19, 54, 57, 44, 16, 69]
1924.6890113350203
18.072076523488274
8.605190062374254
5.4468675807758435
3.879931330472494
2.9499711981640915
2.3380127897342877
1.907230244310887
1.589634388661203
1.3459802943794195
1.1524970177033576
0.9979629354127355
0.8727382347078673
0.7670637708284049
0.6777772789160101
0.6064219107175134
0.5465946482652451
0.495567596013161
0.4521436374800837
0.415525073096043
0.3811659338804218
0.35260578429197204
0.32767980409977365
0.30853970652997265
0.2907117400499888
0.27486593580614965
0.2581062685337185
0.24152710805198185
0.2278763540314251
0.21660738573263216
0.20713936610718628
0.19934938285303674
0.19314718028180658
0.1871905359133832
0.17971179597898468
0.1743368745237259
0.16812887860513773
0.16103773751797015
0.15546493218165602
0.14863333861125208
0.1442411338686143
0.13719308312009781
0.1317943647056298
0.12737588085469226
0.12455383330835013
0.1212918815553605
0.11910317125807507
0.11591556440992047
0.1133144210978679
0.10960716424038434
0.10784162861143827
0.1050441946698973
0.10193479859734894
0.09993655957904189
0.09676639019836396
0.09420847745734826
0.09006335364289392
0.08792535407407907
0.08455620554850588
0.08113572523559905
0.0778136126641403
0.07506949718177892
0.07188608969225131
0.06838699994460558
0.0658197762156896
0.06252641683156733
0.06157681494104467
0.05946820332145653
0.05603172587731983
0.05555433241289644
0.05296706562935249
0.052240771029212665
0.05287480575669862
0.05052798828508908
0.05063400529216512
0.04950102830747345
0.046911076096078856
0.044832382989948384
0.042739719077953084
0.0411201596421571
0.04014183391342344
0.03923040865417972
0.038791197472774624
0.037854448714300264
0.03628360101432892
0.03580244711450545
0.03496315717221557
0.03474207686329877
0.03667113022995835
0.03508200411053945
0.033046524769760346
0.031310807231639336
0.030896776280160465
0.030896200369303038
0.031412665341830216
0.030095136084934353
0.028957816000508473
0.027350107548095484
0.026007383547585326
0.025786485459581933
0.02673158161013737
0.026118555250320686
0.025428317044920726
0.02485406497737632
0.022668863072678302
0.02367623002283058
0.022600932788114522
0.021960098937504596
0.02231855687523405
0.020372434229359974
0.01901658581665097
0.018892356264896517
0.01732519725984504
0.017445539270169695
0.01562647550094499
0.015221260929060086
0.014621814599071723
0.013540813716475409
0.012147003571948329
0.011562781736177979
0.01144345403565913
0.010128542911202498
0.009019976166647934
0.00821848717394966
0.007216052493859832
0.006430442655291782
0.006515510007510381
0.005283201453921468
0.0053439727150903105
0.0051419417010875644
0.0043332197466478435
0.0035368437497892884
0.004177837338533204
0.003787884164822425
0.0036635682355086246
0.0028957468307861736
0.002139216087072466
0.0016004616195564403
0.0016613586941162896
0.0012897209809425048
0.0018416212509731959
0.001532710485844443
0.0013458735701876502
0.0011616495755154533
0.0009799840697542006
0.0008008241223011272
0.0006241182526076567
0.0004498163808611619
0.0002778697806660169
0.0001082310336299602
0.0
0.0
0.0
0.0
0.0
0.0
0.0
0.0
0.0
0.0
0.0
0.0
0.0
0.0
0.0
0.0
0.0
0.0
0.0
0.0
0.0
0.0
0.0
0.0
0.0
0.0
0.0
0.0
0.0
0.0
0.0
0.0
0.0
0.0
0.0
0.0
0.0
0.0
0.0
0.0
0.0
0.0
0.0
0.0
0.0
0.0
0.0
0.0
0.0
0.0
0.0
