The combination of impact cases are [50, 66, 60, 59, 94, 22, 70, 83, 46, 37]
1935.5188349521225
18.183087218955784
8.693589412779664
5.527665973385742
3.9360594469551677
2.980476985231794
2.3485269061370704
1.9035114954488659
1.5787746471084931
1.3323302890935598
1.140420165531726
0.9883279350195923
0.8637409059378088
0.7606577552585476
0.674961324703932
0.6042978933785219
0.5476458134904977
0.5000109345011581
0.457747323724161
0.4200324582091635
0.3853814269002465
0.35683913567664327
0.3689499917488537
0.34541133604713997
0.3216849921962587
0.3002544680045474
0.2828457451153283
0.26684447132643796
0.25297961279171133
0.2691950262257754
0.2556534855454346
0.2440711317977703
0.23734571334853075
0.2335930478566943
0.22290407530488776
0.21872479969049707
0.2114613860435911
0.20130606558931652
0.22102957318672412
0.21298893367301894
0.20386357643540426
0.19240990089142893
0.18371073253362552
0.17306754508956682
0.16489994445518136
0.15899921267632597
0.15417357150027178
0.15015383036623678
0.14618644173346237
0.14293343639783765
0.14057290239722098
0.13864501823488098
0.1390433656707073
0.1374304259993296
0.13353818228716133
0.12940486596138925
0.12648832470334093
0.12157815092956648
0.13845011235404478
0.13571375826848542
0.1532611281657689
0.14405483214564463
0.13684314035947232
0.13207425051325067
0.12530611988577717
0.12010549596810546
0.115578654350063
0.11592261216295675
0.11050532549027095
0.10854358195274524
0.1387557625571824
0.1396986955334395
0.159129761309122
0.1612419230182183
0.15351166725637042
0.14993921289346934
0.1957029489394697
0.19502503267727345
0.19138143613919228
0.1699839714313485
0.16410957255934516
0.14601427200059167
0.14595665986333203
0.13839635515887125
0.1291306225512444
0.13786299540874364
0.1272058999507453
0.11782321240654461
0.12553040477089
0.11714735469674988
0.10760162715107446
0.1012637820813434
0.09479145038795352
0.08958552505665475
0.08352084170940141
0.07962185893554688
0.07950771614187147
0.07856656072146696
0.1204357138865617
0.11531541251499988
0.11434981882724024
0.11318030603885268
0.1076382070284628
0.10543588874866008
0.09922920678233668
0.11955160835891789
0.11185533360141751
0.11846319949647056
0.11506033307840584
0.10863132898904625
0.10244363241958288
0.09664399445247475
0.08685340441982631
0.0855922407706724
0.0797044990324718
0.07869603152347279
0.08557003304425805
0.16282244176809113
0.1444949912757269
0.1744105907880164
0.15629201248847252
0.13847289007232133
0.13150396831576708
0.11417607660248016
0.10756213231253507
0.0907029840533356
0.10041491162561114
0.0838775137564943
0.08992176782527993
0.0814734168168241
0.07315503044148805
0.06496363263715571
0.07652794801750057
0.0684343614903936
0.060461565747510125
0.052606876748028886
0.0448676893877007
0.03724147461816275
0.04711723142451142
0.03958455587845014
0.06888865238602034
0.061308419433777725
0.05383494280750601
0.04646598302061813
0.03919936279016802
0.03203296489204509
0.02496473010430627
0.017992655234446476
0.011114791226640676
0.004329241345198408
0.0
0.0
0.0
0.0
0.0
0.0
0.0
0.0
0.0
0.0
0.0
0.0
0.0
0.0
0.0
0.0
0.0
0.0
0.0
0.0
0.0
0.0
0.0
0.0
0.0
0.0
0.0
0.0
0.0
0.0
0.0
0.0
0.0
0.0
0.0
0.0
0.0
0.0
0.0
0.0
0.0
0.0
0.0
0.0
0.0
0.0
0.0
0.0
0.0
0.0
0.0
