The combination of impact cases are [92, 22, 26, 66, 57, 3, 23, 96, 16, 79]
2419.834582063775
22.97166671540304
11.054384173843307
7.065277314978593
5.0779812924441154
3.8986184090764615
3.121187691061919
2.5696720604879895
2.1580855701382076
1.8375550571057016
1.5801703759484098
1.370225370243467
1.1964967358202794
1.0528621422353386
0.933072405484862
0.8331129367591918
0.7482458692508639
0.6765825708711586
0.6149013994795768
0.5617823640238873
0.5159124803899405
0.4776530994009263
0.49623941970372926
0.4656580507235268
0.43736481688755763
0.41155269381115117
0.3875226564798328
0.36566563015632203
0.3471260206966571
0.3709211079466366
0.35261383268749735
0.3355184257753283
0.3186504980208189
0.3049106627090633
0.29178918029632916
0.27998454680806506
0.26835456880039715
0.2586188494400456
0.284461481361494
0.27244692163253537
0.26026474899217966
0.2486764223958801
0.2390661996982001
0.2302919378178248
0.22265138701752654
0.21576906676857846
0.2103517797672687
0.2035478881310173
0.19995101212183464
0.19518227736715577
0.19130114777993656
0.18648658057936485
0.18541750741399113
0.1844081806008195
0.18092856895406473
0.17548390828024366
0.1710036248481322
0.16683709024742194
0.18464976939539113
0.17804714954002684
0.2065945308340706
0.20268152834276096
0.19963998332003358
0.20176038377795613
0.20178591934405213
0.2005701770802312
0.20146025038091436
0.2013710715880309
0.1945003046588491
0.1922358889008952
0.23495505130978445
0.23184673960631905
0.2514336001467699
0.2411536268568502
0.2416429942523808
0.23659413037689997
0.30700068129230357
0.29728727377921377
0.2896541120138577
0.27835665000094145
0.27027038593386143
0.25886245024262644
0.25833203296018636
0.25137199933544635
0.24191466558416014
0.24030780421749012
0.231495674237586
0.23085840320437964
0.2335423911548735
0.22800743107817117
0.22118911774807956
0.2228799645080707
0.22444699224584133
0.21908231233669576
0.21393319301141198
0.2119035932664166
0.20399255846967146
0.20713682014110268
0.3085015466057924
0.30907935637224315
0.30215316641277457
0.30175693298361855
0.3022824815081255
0.2903597384923961
0.2838600774734061
0.3091985379734926
0.3012917479641517
0.28645982535093045
0.29141901440783563
0.2677483360927262
0.2729452059129051
0.25545960308884264
0.24010836150966391
0.23281641946001647
0.21324193207007386
0.18978367550794978
0.18285914212181412
0.35372261368507024
0.3501610172866878
0.3703555709663446
0.35294420247720115
0.32249462177420973
0.2818386498983506
0.2542895968407212
0.22779393733219336
0.2121195925147888
0.1959949055287885
0.22529842968364205
0.20865658807642912
0.1915365463779874
0.17868476096859412
0.17046752322303274
0.1540258330859086
0.1509529577783048
0.13954029908218668
0.12369302635306928
0.11721175614282228
0.10336173958805688
0.10001003073646367
0.09671948513771052
0.0888863340683517
0.0853096825279187
0.0923045390995122
0.08466657996881967
0.08212465920801551
0.07466224519879794
0.07213647510171618
0.06971841080998983
0.06745160298119514
0.06028797906736908
0.05815144192041249
0.051144280550856486
0.05986821991699544
0.05294142940360794
0.04610459136721412
0.039355964904452194
0.05026050700994387
0.04357137572107561
0.036966911621216916
0.037215585585217405
0.030733393332583347
0.024331720205873326
0.023639982000211193
0.017360367382333375
0.015681823817380907
0.032400807870219595
0.026181900546801706
0.0
0.0
0.0
0.0
0.0
0.0
0.0
0.0
0.0
0.0
0.0
0.0
0.0
0.0
0.0
0.0
0.0
0.0
0.0
0.0
0.0
0.0
0.0
0.0
0.0
0.0
0.0
0.0
0.0
0.0
0.0
0.0
0.0
0.0
