The combination of impact cases are [9, 74, 19, 32, 90, 44, 46, 80, 3, 35, 30, 50, 84, 11, 10, 6, 67, 23, 79, 78, 94, 65, 21, 27, 77, 15, 71, 24, 43, 95, 56, 81, 55, 92, 86, 40, 88, 64, 100, 37, 26, 12, 5, 16, 57, 33, 42, 68, 75, 70, 22, 66, 4, 99, 61, 29, 54, 41, 31, 2]
2083.8157476803062
19.645348858584473
9.38882509579729
5.964548187324664
4.259145293439901
3.245087638307847
2.5792390825000813
2.1121076884436976
1.766843270683509
1.500844785020441
1.2895373560439876
1.1186233720791905
0.9787006370110689
0.861698787919006
0.7642186952076903
0.682286550256488
0.6160907923230952
0.5574405232104992
0.5170730781341303
0.4750744850934179
0.4388793759006114
0.4062931213058861
0.3911971255391735
0.3661474025546096
0.3443137778373384
0.32464556330113764
0.31759010711860247
0.3129736346540339
0.2980444176938783
0.2891871433940162
0.28244687408100716
0.2704679753478228
0.25916566800433294
0.24919792861833825
0.23902632477245983
0.22999223742389407
0.2253962466009055
0.21661832820477517
0.21395264548942106
0.2061200927061364
0.20004943405584677
0.19173533277597202
0.18820030051095815
0.186501475982607
0.18508778121330735
0.17983333451911762
0.17457724639461938
0.1692371277609343
0.16786530972477123
0.16346917010144502
0.16050995572679683
0.1584507252281166
0.15473217000756784
0.15088029211970086
0.146271681295722
0.14154615586184707
0.144066387662465
0.13955594570144647
0.13755646897814533
0.13420760551515618
0.1380159558908848
0.1387899970122141
0.13942078430712143
0.13960146024132497
0.1357628784669844
0.13116550921621012
0.13105006445216993
0.1357246068253846
0.13429276981884675
0.1314883778760576
0.1358298756893535
0.13309297717139812
0.1330200515308796
0.1307791249839929
0.13055177767340784
0.126668929603174
0.12886890538478846
0.12673836703388852
0.12747037463184238
0.12921726610783438
0.13141275125399163
0.1239125690953136
0.12050514386083465
0.12039088350066422
0.1164496045597769
0.11727707696544197
0.1160626477375996
0.11249446221870368
0.11453408689565105
0.11488564492018384
0.11485440303611687
0.11035402548391408
0.11137607131943807
0.1095834806789247
0.10717011789925694
0.10838983396594835
0.10389744431153808
0.09956586413805607
0.10175573025773056
0.1023762287098271
0.109339771127226
0.10768464650008133
0.11134882227268182
0.10587751441422691
0.10169435175903836
0.10377179737306512
0.09998398647865156
0.10333966404264466
0.10101408511129585
0.09385873106314233
0.08964354367542414
0.08370601492536782
0.07994997175794512
0.07859239905461386
0.07849340530122059
0.0815070795140761
0.08115097067093732
0.08224949679715257
0.07667403402512891
0.0734017199719968
0.06638742658485369
0.05907461913825581
0.05737163680472881
0.06052416208076578
0.05997192543713417
0.05561179809749838
0.057814104937480355
0.05683703195961678
0.06077258510349136
0.055706644037161836
0.04813288902221121
0.04174682566339407
0.05006815090796293
0.04825908571177916
0.04412294542201968
0.03727865143399402
0.03077722457792002
0.03231578547472755
0.027097791523040666
0.028607134602718916
0.02427158691837564
0.030724586125680346
0.03553797035130975
0.03362203227068556
0.03757412066524644
0.051413212967800034
0.04421224584659512
0.06765497254641335
0.06044157501287151
0.0533249951091441
0.04630329661172318
0.03937459458439259
0.03253705369125748
0.025788886575925155
0.04089376911903269
0.04753952926489785
0.0642075111761244
0.05742955112398142
0.050737382604408465
0.044129387011048044
0.03760398620017247
0.03115964123415898
0.024794851171498655
0.0185081519013434
0.012298115020688784
0.006163346752382955
0.005394896558288291
0.0
0.0
0.0
0.0
0.0
0.0
0.0
0.0
0.0
0.0
0.0
0.0
0.0
0.0
0.0
0.0
0.0
0.0
0.0
0.0
0.0
0.0
0.0
0.0
0.0
0.0
0.0
0.0
0.0
0.0
0.0
0.0
0.0
0.0
