The combination of impact cases are [59, 71, 61, 64, 35]
1396.944397881636
12.85179310302098
6.041067414644747
3.82108262614119
2.7168006023798648
2.052586660160424
1.6076006384906407
1.2853353416822473
1.0485597257770787
0.8698152482307449
0.7328824284452682
0.6285481923376497
0.5459341931016555
0.47911478832768145
0.42581641145044324
0.3834562468266026
0.34751735110467663
0.3149229198525201
0.2901320439788086
0.27055120449913583
0.25631359863065384
0.24732148723350011
0.29429641851946625
0.28090821185579795
0.2637833923691116
0.24957342234338775
0.23966034107059214
0.23596170727038557
0.2332947045567621
0.23358395385963113
0.2390469383214005
0.2475174767612712
0.2584304512100881
0.26341796803799017
0.25384499777138236
0.2563976894817842
0.25288898292189366
0.23761806628902593
0.2231494148670211
0.21268034904981048
0.2042950745153408
0.1919537022145802
0.18241514458721642
0.17563581649666632
0.16639525611167394
0.15847485685820165
0.1501619988124051
0.14251436490665806
0.13561137852076566
0.13029778308210227
0.12696932428716617
0.12006921570913165
0.11351787267929694
0.10648306924943209
0.09912095908633681
0.09162104900212445
0.08630974857035056
0.0802943616950644
0.07327798823650866
0.07016286736158125
0.08711769616547915
0.08249416930627157
0.0679437195964873
0.05879761714323502
0.04795220250325258
0.04428726352928994
0.04152853988873672
0.04046750921205268
0.036840731041533153
0.028141709626081292
0.020268920933532407
0.016261398768443708
0.012289477217937333
0.022130018167623135
0.02737802202124838
0.02791438313473878
0.03474262362807242
0.036159102227549374
0.03988469705146989
0.050199180948800784
0.04332255080868934
0.0366156930447702
0.030072397229955406
0.023686752198790843
0.017453128236383685
0.02585526273222698
0.01974137760636796
0.013768025409844054
0.007930415791722361
0.002223973673551805
0.0
0.0
0.0
0.0
0.0
0.0
0.0
0.0
0.0
0.0
0.0
0.0
0.0
0.0
0.0
0.0
0.0
0.0
0.0
0.0
0.0
0.0
0.0
0.0
0.0
0.0
0.0
0.0
0.0
0.0
0.0
0.0
0.0
0.0
0.0
0.0
0.0
0.0
0.0
0.0
0.0
0.0
0.0
0.0
0.0
0.0
0.0
0.0
0.0
0.0
0.0
0.0
0.0
0.0
0.0
0.0
0.0
0.0
0.0
0.0
0.0
0.0
0.0
0.0
0.0
0.0
0.0
0.0
0.0
0.0
0.0
0.0
0.0
0.0
0.0
0.0
0.0
0.0
0.0
0.0
0.0
0.0
0.0
0.0
0.0
0.0
0.0
0.0
0.0
0.0
0.0
0.0
0.0
0.0
0.0
0.0
0.0
0.0
0.0
0.0
0.0
0.0
0.0
0.0
0.0
0.0
0.0
0.0
0.0
0.0
0.0
