The combination of impact cases are [15, 26, 35, 73, 44, 97, 82, 67, 47, 17]
2179.438081462164
20.591239503438327
9.85495454593941
6.25881717992754
4.46749541135772
3.4022900402545195
2.693782452528845
2.1892040804725683
1.813600714987027
1.5267331428792223
1.3028285377782294
1.124037999753696
0.9772086466532512
0.8550166082963635
0.7523727415379816
0.6668455245793777
0.5961409157023869
0.5371449927472354
0.4883720539983709
0.4482723307391854
0.41586200452147076
0.38768331893074154
0.4026760541347477
0.3775808633542654
0.35461667973863925
0.33452332596795864
0.31633667625423245
0.3000222456392049
0.2868489084773868
0.3102993949674681
0.3025700692198305
0.2969931261544515
0.28910784916323085
0.2813342945517021
0.27271989315414896
0.26269720890429754
0.25401566687608657
0.24554340817875114
0.2718834862205097
0.2640197514537862
0.25534923193821524
0.24696770095957285
0.24083005498505886
0.23627164032970766
0.23507949914265555
0.23058500661483938
0.2245998472068373
0.21769878893558933
0.21211431912359974
0.20427631077116357
0.19793373389774502
0.19388799660749412
0.1853778529027842
0.17619369088408815
0.16754202698632406
0.1594458048952677
0.15117978828649922
0.149492707924832
0.1638448863032054
0.15441515815055468
0.17770297819065953
0.16833867454875132
0.16362519961222458
0.15650184862936925
0.15137697655637236
0.1423689678391141
0.14269731034080937
0.13600660071974752
0.1314020916589908
0.12581355799066868
0.14347259708153515
0.15017903266319074
0.1388396599029463
0.13996330132299192
0.14983249294436082
0.1463353776140337
0.18454931319246848
0.1934850658995606
0.19155136396940636
0.2063133022748816
0.19666645461170262
0.18699259501301183
0.18587285436878093
0.17485144251017642
0.16929556164296666
0.18130252997052826
0.16275773648815328
0.1494576584593546
0.1382149238927854
0.12545195030919187
0.11773508344485722
0.11106260993699993
0.11507089417188834
0.11952048457089973
0.11675902770021135
0.11105410498100243
0.10816969371395904
0.10994238821463657
0.15183878566111514
0.1538431408755964
0.15143515254973167
0.1404321427525042
0.1516034967710157
0.14108486598770198
0.1342199029344252
0.1483280444115963
0.13622391909690548
0.12093353584813132
0.1238950031648978
0.11255672309091685
0.10918469608061498
0.09468884265450636
0.09698830810584452
0.08285691883905585
0.076046171796444
0.0708237443925822
0.06645589584974795
0.12731037659775324
0.1418426088585059
0.12384544391556407
0.11373071082815751
0.11417857728729403
0.10950240661705636
0.09235337484693892
0.08993653420298404
0.07321837944861659
0.0630064196527563
0.054636949410509006
0.046398241924445874
0.048025639604491535
0.0399645240320452
0.04400072415395672
0.03609222691738749
0.045043151168748796
0.03724490367028265
0.060875230781481146
0.0530752511705607
0.04538913156376337
0.037814396922967605
0.030348643429047036
0.022989535938515625
0.01573480554839446
0.008582247263964275
0.0015297177643662262
0.0
0.0
0.0
0.0
0.0
0.0
0.0
0.0
0.0
0.0
0.0
0.0
0.0
0.0
0.0
0.0
0.0
0.0
0.0
0.0
0.0
0.0
0.0
0.0
0.0
0.0
0.0
0.0
0.0
0.0
0.0
0.0
0.0
0.0
0.0
0.0
0.0
0.0
0.0
0.0
0.0
0.0
0.0
0.0
0.0
0.0
0.0
0.0
0.0
0.0
0.0
0.0
0.0
0.0
0.0
0.0
0.0
