The combination of impact cases are [27, 44, 3, 88, 63, 92, 33, 86, 66, 17, 31, 78, 8, 69, 60, 71, 68, 24, 61, 1]
1752.4606964310697
16.365235456633656
7.7593960991719015
4.907609781381483
3.491907754756028
2.6529505491812695
2.1019120990271523
1.7145870577298912
1.426608831988568
1.204732788408407
1.0291577150386655
0.8893283901110628
0.7778716114406715
0.685682128202359
0.60749987438743
0.5401574456528179
0.4839959889067223
0.4389755875635421
0.4046386666821548
0.37461792219936096
0.3465899312044817
0.3193854678158415
0.2965551584559278
0.27735862281424445
0.2593657586004024
0.24355201701968016
0.2298100897577967
0.2179626345370701
0.20843966379610168
0.19924707680124173
0.19133666385276918
0.18206508493181175
0.1720643585992356
0.1668452122136973
0.16109910443187608
0.15381093443810478
0.14595957202688983
0.13940323173780503
0.13492143527195574
0.12806117534011852
0.12221042606330158
0.11503128946119899
0.10956188614570654
0.10410269162505811
0.10082274865025752
0.09940143162449046
0.09869832374913558
0.09549289073272028
0.09343657933107131
0.09061343341387577
0.08918035103847181
0.08691203065582684
0.08533069214023266
0.0837446996110467
0.08147935304730464
0.07898537427611121
0.07644005310426669
0.0742802401999396
0.07010478565930539
0.06655793634108213
0.06400869079100507
0.06228004987052028
0.05884064350498055
0.05552614274367139
0.05354287760767686
0.05205534927942804
0.05167367302706445
0.050082022385295875
0.045635037429051395
0.04518552621433394
0.04122138712474638
0.04032148597565383
0.041848414421917446
0.03815996283468422
0.038815107643472145
0.035983729017357205
0.03421615923164099
0.032788827032720284
0.03178215623596595
0.03172327662082223
0.03146846849720705
0.031070780553002723
0.03071493577126498
0.030909490606772498
0.029885197625345986
0.028849393665117167
0.027443821944976892
0.028217880549490093
0.031019502214036612
0.029497203582821183
0.026976132634803866
0.025799578539167815
0.025022127281940403
0.026138615224660187
0.027095509235426165
0.025848646133716183
0.023185337617129105
0.021313169535615167
0.020565592555124603
0.01752810490054129
0.01850364008049595
0.018729582531775486
0.01703598228287727
0.015295486659585654
0.013524751348472603
0.012144294996178744
0.013254359424105208
0.012413566840319573
0.011295359024831652
0.009815720842233956
0.010767791177773507
0.010843253431131239
0.00940728117228728
0.010111176103692773
0.008706815298487295
0.008575417188688463
0.007813169587825273
0.006769887115115156
0.0058651342410984166
0.004975586019971589
0.004585010023475412
0.0042843364479699594
0.0034296168674389517
0.00356988468247132
0.003137904322286899
0.002712835094947156
0.0029489550703669888
0.002532066991775434
0.0029085135105575196
0.0024984017881678517
0.0020945989915656113
0.0016969606525629691
0.001963329732415988
0.0015726573804344091
0.002488140963692683
0.0020993687189012123
0.0017163132926284116
0.0013388495082047433
0.0009668558170070082
0.0006002141679625027
0.00023880988264537523
0.0
0.0
0.0
0.0
0.0
0.0
0.0
0.0
0.0
0.0
0.0
0.0
0.0
0.0
0.0
0.0
0.0
0.0
0.0
0.0
0.0
0.0
0.0
0.0
0.0
0.0
0.0
0.0
0.0
0.0
0.0
0.0
0.0
0.0
0.0
0.0
0.0
0.0
0.0
0.0
0.0
0.0
0.0
0.0
0.0
0.0
0.0
0.0
0.0
0.0
0.0
0.0
0.0
0.0
0.0
0.0
0.0
0.0
0.0
0.0
