The combination of impact cases are [21, 38]
2328.0110365683477
22.060895273110425
10.58878548668322
6.741375015452028
4.8182021025941095
3.6698974692441366
2.9072186111689557
2.364720781591388
1.9621726015707246
1.6544603629867374
1.4141576867980656
1.2219037039309355
1.065961807176955
0.9362480281517842
0.8277906751931022
0.7370928499168797
0.6616932136678287
0.599144666022841
0.5482986579625326
0.5088258618364019
0.477923576568987
0.4529410426432787
0.4270317401763817
0.3986313026944296
0.3724834718222573
0.3502633149206861
0.3304349040945193
0.3138372225617491
0.29975138627541087
0.2905758571469452
0.2880258811579744
0.2876368407270554
0.2927664555580201
0.29123842416661544
0.2836425101339999
0.27425064756924533
0.2640005942901362
0.2556965664391979
0.24997634065960284
0.24457720764327853
0.23928170087699374
0.2350629623073814
0.23603701846386055
0.2332874927924281
0.23155629665348312
0.22612769338260397
0.2207158146268166
0.21521953081423614
0.2125352419393887
0.20558329792021005
0.19876706783125386
0.19303151585160333
0.18698313370367708
0.17980840925708202
0.17237160185450595
0.16713889491527723
0.16100633766430686
0.15211793608917867
0.14500054441170113
0.1358955799653034
0.12857793266323264
0.12203052052337057
0.11489897182409513
0.10916761855793906
0.1032017493937791
0.0980817531627631
0.09533633049520907
0.09457160121736709
0.08974996159338394
0.08562754567231066
0.08195612689319293
0.0777685715931789
0.07572818643657284
0.074703602648206
0.0854195767654862
0.08930786941463803
0.08349737241516013
0.08142459898928397
0.07642595737960979
0.0760402200663295
0.07779917607215729
0.07827675360354927
0.08412098815185103
0.08289112196274392
0.084719123774787
0.08414946930060621
0.08580630353569593
0.08876347697693537
0.09218125026242922
0.09481143872488851
0.09064127177213048
0.09049981836969297
0.09378492072379768
0.09522369355492369
0.08889220019901457
0.08587038065599727
0.09373211034402311
0.08960472179323338
0.08755791349819364
0.08162358453616075
0.0815008895896668
0.07963791137375202
0.07801270278139527
0.07447228725421941
0.0753925567654454
0.07213648311147827
0.06902036175693611
0.07095426860955514
0.0656681444917293
0.06782858807269972
0.0626669792599394
0.05759836402955023
0.05745764879112667
0.0607978568966593
0.055879008949662454
0.05392146217021964
0.05211486691382247
0.05028541898626977
0.04562237842483745
0.046958510515678516
0.04556487640888163
0.04105644839339073
0.04321243829090715
0.05252632878293376
0.048070830625083015
0.04936287911362665
0.05152603795421435
0.04718365518291349
0.04290911684180315
0.03870084527574192
0.03455731136908951
0.03560108022600425
0.0483163785932787
0.04419400902308106
0.04013316276539458
0.036132472736767465
0.032190612059128064
0.028306292592542644
0.024478263531761246
0.028223351933644645
0.02445059748719675
0.02073135349295882
0.025641324930688034
0.021965768514403756
0.018341257947762167
0.02963197594528379
0.026004608133959183
0.022426588908431282
0.018896918027115798
0.01541462209874932
0.011978753687438566
0.008588390453267524
0.005242634326826408
0.0019406107161099263
0.0
0.0
0.0
0.0
0.0
0.0
0.0
0.0
0.0
0.0
0.0
0.0
0.0
0.0
0.0
0.0
0.0
0.0
0.0
0.0
0.0
0.0
0.0
0.0
0.0
0.0
0.0
0.0
0.0
0.0
0.0
0.0
0.0
0.0
0.0
0.0
0.0
0.0
0.0
0.0
0.0
0.0
0.0
0.0
0.0
0.0
0.0
