The combination of impact cases are [53, 2, 72, 59, 54, 3, 41, 22, 95, 97]
1846.6386015017083
17.300545685202007
8.23243328636353
5.208940602854617
3.7009844095377065
2.799373757718546
2.1995988536375735
1.7771979804992828
1.4680628748928874
1.2334356828086475
1.051097802876256
0.9087282881196971
0.7928496892806085
0.6977961124884309
0.6201025859360015
0.5565833088468604
0.5039241541610736
0.45998304035888227
0.4245663426779534
0.39328219125466796
0.364060120742545
0.34211048557124696
0.36184418586639266
0.3476466408368517
0.3315368089957029
0.3136841423563666
0.2959010732285151
0.27936696792983173
0.26495734457392434
0.2825923609575991
0.27104754636781186
0.26274817838079023
0.2615309017632908
0.2620716710977392
0.257133761922427
0.25681684694245566
0.24989143388727642
0.23809783660986833
0.25767336646020195
0.2455398889487555
0.2350205239114643
0.22515738417840375
0.2174525888611284
0.2106559202467364
0.20351694839254933
0.19842785539821664
0.1952476983884646
0.1885647757076784
0.1829599967958598
0.17680288966086685
0.1708978964127625
0.16630530181957323
0.1636153106982216
0.15967644446097917
0.15552564183231032
0.14961415373467346
0.14309725927370553
0.13680359184039362
0.15462906005177657
0.14567883911641474
0.16791806390145658
0.16137112770871032
0.1563592536412467
0.15256349647351794
0.14850294829086472
0.14259230063980075
0.13991263490983982
0.13677487764505392
0.13583834985749452
0.13179726106934778
0.1603897982414056
0.16452566883889327
0.1601423272547051
0.15650712483223123
0.15232267609946118
0.15352011069750193
0.1931161536824223
0.18659182751224232
0.18847075108441178
0.1925338762145136
0.2030877808706963
0.19335033564257728
0.1944515676437121
0.18805985607580428
0.17855933720677047
0.17873769768566622
0.19350183055039505
0.1832350645347469
0.17680262579547087
0.1754195345909156
0.16277051180902694
0.15039850045409606
0.15230616187763443
0.14400218326226213
0.13926565186854253
0.12907936607078277
0.12304934151136271
0.11997252080386334
0.17885895256867917
0.1782151046767666
0.1713719513436091
0.17313645612170483
0.16800845314200363
0.16225671536702957
0.15811243779402245
0.17167008802271932
0.1634856115394465
0.16439246871388996
0.1570678516569796
0.14451975594138042
0.13531323534372167
0.12326587772932646
0.12097886433698221
0.11756900490261366
0.10589618461759785
0.10480837422786456
0.10974504371393443
0.21891533606442015
0.1916387042330041
0.20177819005472328
0.1801311856271457
0.1598758442734033
0.14796552522384263
0.13866146744884103
0.120108713335129
0.11403055908322769
0.10298485943931307
0.0785538315893545
0.06566687056718208
0.07423621546332143
0.058281779593113474
0.042570904303156444
0.05131895087550785
0.05162785749381521
0.03631834439898117
0.021235622105393804
0.00637468824262972
0.0
0.0
0.0
0.0
0.0
0.0
0.0
0.0
0.0
0.0
0.0
0.0
0.0
0.0
0.0
0.0
0.0
0.0
0.0
0.0
0.0
0.0
0.0
0.0
0.0
0.0
0.0
0.0
0.0
0.0
0.0
0.0
0.0
0.0
0.0
0.0
0.0
0.0
0.0
0.0
0.0
0.0
0.0
0.0
0.0
0.0
0.0
0.0
0.0
0.0
0.0
0.0
0.0
0.0
0.0
0.0
0.0
0.0
0.0
0.0
0.0
0.0
0.0
0.0
