The combination of impact cases are [97, 93, 84, 94, 27]
3155.545436940231
30.25802714861969
14.716710605538307
9.509397221697057
6.902781146756203
5.335754659029491
4.289549199762666
3.5422471268508717
2.980581908687946
2.543905233076681
2.1951073411444626
1.9103676462567476
1.674649493320628
1.4779663944073402
1.3132957826752119
1.1743576244915426
1.0566083170251663
0.9552120406153762
0.867122149195479
0.7907136594853353
0.7236703943178043
0.6645944349173358
0.7650089661151948
0.7074787265408136
0.6559752886997563
0.6104568166688187
0.5685822367593398
0.5314546414873871
0.4974232240965809
0.46682045301157943
0.43922296871509076
0.41424651585725447
0.39266394846023034
0.3729350110798103
0.35583347667580795
0.34011017297958157
0.3256805887770129
0.31311985909783163
0.3013896762162849
0.2905886678616001
0.2798772833728298
0.27011575141123256
0.26101352871930156
0.2518600041243607
0.24280056369704822
0.23333311564999185
0.22535438232023758
0.21672252728800556
0.20827675672397727
0.20064749274880123
0.1933220431594875
0.18550867427562262
0.17883144857776734
0.17190504080551963
0.1657961449392285
0.1599024292676925
0.15500088667388584
0.14976168823590097
0.1462651942691735
0.14254816292601544
0.18383345715241023
0.18224739565658965
0.17757517077462592
0.17686743471431016
0.171031272721201
0.1669502815063329
0.16269185791027696
0.15378655412480308
0.15340056993020112
0.1489588181089317
0.14319387265329755
0.14269807463781772
0.14055038622463803
0.13493867829187567
0.13091763883117233
0.1299879626174704
0.19788512542611109
0.19934845231604312
0.20116471732524496
0.19812606930464668
0.20916012520217267
0.2015666747689577
0.20063621590319436
0.19412047902063775
0.19433039849695175
0.19385796703938107
0.1915385864641042
0.1884449751171204
0.18549977976743143
0.19439180933389866
0.19263566939669335
0.19966223888578438
0.19602857075275776
0.19585144620214903
0.18914745440963976
0.1876315259749653
0.1855659584505155
0.1861783564679932
0.38717529542204304
0.3716434338450414
0.358657044320264
0.34982343957184353
0.3438101792671549
0.3556979345372188
0.3378383741301383
0.33390157614380495
0.32472991885859437
0.3073567105797811
0.30123351850181324
0.29045874358163176
0.29189435673117897
0.28287052335889873
0.27874825810414583
0.2556486220965924
0.2704674092702353
0.28357319976201056
0.2771196153972143
0.0
0.0
0.0
0.0
0.0
0.0
0.0
0.0
0.0
0.0
0.0
0.0
0.0
0.0
0.0
0.0
0.0
0.0
0.0
0.0
0.0
0.0
0.0
0.0
0.0
0.0
0.0
0.0
0.0
0.0
0.0
0.0
0.0
0.0
0.0
0.0
0.0
0.0
0.0
0.0
0.0
0.0
0.0
0.0
0.0
0.0
0.0
0.0
0.0
0.0
0.0
0.0
0.0
0.0
0.0
0.0
0.0
0.0
0.0
0.0
0.0
0.0
0.0
0.0
0.0
0.0
0.0
0.0
0.0
0.0
0.0
0.0
0.0
0.0
0.0
0.0
0.0
0.0
0.0
0.0
0.0
0.0
0.0
0.0
