The combination of impact cases are [53, 66, 51, 2, 84]
2026.6097589794765
19.078391022147578
9.116507077518987
5.814079568274269
4.1910968704207745
3.232877140235554
2.591815275855348
2.12701396332913
1.776769292375077
1.500928768697268
1.278110540435935
1.098815854325017
0.9519317144986007
0.829999056392481
0.7278465947450582
0.641683343283698
0.5699199531111283
0.5098123893105939
0.46000391600980217
0.41815440679566784
0.3817418024517042
0.35180863046683175
0.4088003916899449
0.3836929430879362
0.36185937982310246
0.34244582894149966
0.32631803159405215
0.3124427231530621
0.3019039341093605
0.2927020852950345
0.28812183929502205
0.28414677498942714
0.28074460464156814
0.27918692744945595
0.2807195889220723
0.28008666693629136
0.27545038697882807
0.26877550654818294
0.2625823484879312
0.2574913105754404
0.2524001815787151
0.24679780476831897
0.24073309675336557
0.2359216200638064
0.2295126652284564
0.22209143769325906
0.21974892567183935
0.21611368925440386
0.2093422526583327
0.20361552934861982
0.19685464151000326
0.19375168856140512
0.1906185298610072
0.1850586610680338
0.17987306634121814
0.1724661909050893
0.16516689209571503
0.16418705867463873
0.16148921980701203
0.15099816425995521
0.18939813637059247
0.17530913028501732
0.16629346182115062
0.16222405163286052
0.1534538559707999
0.14994607750843458
0.1444378222377556
0.1347013259146707
0.12256154639342709
0.11440342089189304
0.10502728824199123
0.10116386401015184
0.1175813126175166
0.1072719809952236
0.09612309108306721
0.08676985918349388
0.11600789243857347
0.10103691006362106
0.09180343579775516
0.1002557743278634
0.11518925824913412
0.11100147500663515
0.10976656370552652
0.117705491098378
0.11665399388836531
0.12118104327220003
0.14093454154263702
0.1346942881213543
0.1277557671686491
0.13155106451226917
0.13855190280459304
0.1537492396486069
0.15805590424374774
0.14483391322828928
0.1296287794874102
0.11987428957873392
0.10567847092493035
0.0918558407580538
0.16141841718081057
0.1447471682000061
0.12851967668283232
0.11934169106030479
0.09856586829124428
0.09067745486123863
0.09871065352539313
0.08739618922001144
0.06770563003338541
0.0563837646307895
0.053451077877370766
0.05254098720343936
0.05300845692676213
0.04352274886277091
0.05939287504181381
0.05001854648368259
0.06397644650245654
0.05472528189175628
0.04563360636942451
0.0
0.0
0.0
0.0
0.0
0.0
0.0
0.0
0.0
0.0
0.0
0.0
0.0
0.0
0.0
0.0
0.0
0.0
0.0
0.0
0.0
0.0
0.0
0.0
0.0
0.0
0.0
0.0
0.0
0.0
0.0
0.0
0.0
0.0
0.0
0.0
0.0
0.0
0.0
0.0
0.0
0.0
0.0
0.0
0.0
0.0
0.0
0.0
0.0
0.0
0.0
0.0
0.0
0.0
0.0
0.0
0.0
0.0
0.0
0.0
0.0
0.0
0.0
0.0
0.0
0.0
0.0
0.0
0.0
0.0
0.0
0.0
0.0
0.0
0.0
0.0
0.0
0.0
0.0
0.0
0.0
0.0
0.0
0.0
