The combination of impact cases are [24, 79, 8, 17, 44, 52, 97, 23, 20, 14]
1828.3470019397944
17.120078463976245
8.130912060409619
5.130939297678358
3.6496709013678497
2.7715973673582988
2.198792344251995
1.7956700999466837
1.4951759508926303
1.2628246208179934
1.075710922277584
0.931467917285778
0.8213640470668563
0.7243702874173693
0.6355842910496323
0.5672520865003335
0.5201193137803978
0.4799054379592165
0.43492410499641376
0.40183599423280814
0.3601070894843801
0.32458482941288896
0.2945791992641166
0.2698230605525023
0.2513265239455434
0.22670478976734024
0.2055773839691477
0.18903137588505986
0.17697340917852075
0.16796661273198946
0.16056143782368637
0.15258576956701916
0.14321822449041965
0.13625720543250555
0.13481145462087832
0.1274044614103323
0.12118451050767529
0.11614484751682329
0.11188258871236537
0.10760085309433548
0.10347882568414257
0.09941821624753308
0.09643151570074905
0.0936518999911357
0.09172319361030526
0.09041892347804625
0.08781956424722727
0.08426952206603504
0.08076554880930939
0.07699880788216987
0.07405359019723598
0.07106247622058924
0.06946285841985453
0.0680099547620905
0.06604659745372639
0.06366520193670425
0.062407990090261004
0.06034040778955121
0.057598556672578835
0.05529914503271896
0.05399458261653801
0.05294086420701199
0.05303301980749538
0.05134770997019171
0.05142075493283722
0.04886301829474969
0.0486106813731495
0.04616170934479722
0.04273819435755448
0.03978566803977781
0.037499950654728526
0.03930301039710273
0.038241154374240874
0.03424921201699424
0.037561846105965135
0.03572864886753025
0.03193172457548976
0.02955045330606809
0.028535317878986388
0.0296080177106882
0.029864770405377494
0.030527527258394898
0.030115979629378984
0.03239966722655266
0.030437334995803596
0.030916507127923425
0.027069088162638928
0.028091297282553083
0.02807054365479775
0.025315618359914478
0.021701401977815667
0.023136993528325045
0.020596060847153208
0.022930542851958138
0.020591418143445138
0.021946164027777437
0.01859290746751222
0.015308783090382342
0.013104882552030465
0.009942526416581809
0.01214475156242187
0.010044516432115461
0.008851042253852515
0.007794338616094303
0.006757954248265483
0.007208193438868244
0.008366845998337816
0.007354166384358075
0.006360238360217987
0.005384545874461206
0.0044265916394329394
0.005658207396189992
0.0047149147712054204
0.008017224115708831
0.0070697877185334395
0.00613882704334842
0.005223916030626484
0.004324643185733167
0.0034406109618225302
0.0025714351738449267
0.0017167444418519466
0.0008761796619036121
4.9393502994594455e-05
0.0
0.0
0.0
0.0
0.0
0.0
0.0
0.0
0.0
0.0
0.0
0.0
0.0
0.0
0.0
0.0
0.0
0.0
0.0
0.0
0.0
0.0
0.0
0.0
0.0
0.0
0.0
0.0
0.0
0.0
0.0
0.0
0.0
0.0
0.0
0.0
0.0
0.0
0.0
0.0
0.0
0.0
0.0
0.0
0.0
0.0
0.0
0.0
0.0
0.0
0.0
0.0
0.0
0.0
0.0
0.0
0.0
0.0
0.0
0.0
0.0
0.0
0.0
0.0
0.0
0.0
0.0
0.0
0.0
0.0
0.0
0.0
0.0
0.0
0.0
0.0
0.0
0.0
