The combination of impact cases are [31, 21, 81, 29, 70, 59, 47, 9, 86, 28, 97, 56, 74, 23, 57, 32, 25, 60, 50, 15, 1, 100, 89, 6, 77, 52, 65, 88, 48, 55, 16, 34, 83, 98, 3, 84, 33, 45, 73, 4]
1893.1124159965818
17.758744218205692
8.452113068900807
5.349717786797547
3.8075915127681457
2.8946198933446694
2.2973171453191212
1.8777236615516413
1.5663318624467308
1.3262273404598959
1.1359863597067508
0.9851224304546319
0.8646774153082305
0.7616936560914819
0.6735129236793816
0.6013382596455237
0.5445553068358303
0.4929764783727952
0.45099529342097067
0.4180942948629722
0.3837908416135256
0.35238034935933615
0.3260341817786291
0.30501333017820825
0.2862413731930078
0.26853282133974304
0.251343799216249
0.23629027722001164
0.22416540960267486
0.2124162698646652
0.2021392441199012
0.19299754853714496
0.18560067451913598
0.17933786900305201
0.171647603335218
0.16526870506747196
0.1586275460110774
0.15226452812983668
0.1460673371332443
0.14047803298330808
0.13461009638815422
0.12879834436649998
0.12451133047818838
0.11977056549296335
0.11665956618489166
0.11312889558430661
0.10940890116001471
0.10607824877837382
0.10356331217513581
0.10037934903227809
0.09881589822110608
0.09589410166885853
0.09393477202756986
0.09324066380272564
0.08879681142323692
0.08632170390382901
0.08371257249740884
0.08103424599828282
0.07792948054314439
0.07607050102602615
0.07419112207614495
0.07337754145113104
0.0728712624426415
0.07246946913586366
0.07029289732781431
0.06684163175353856
0.06372981460020595
0.062082452607243516
0.06028107825281708
0.05848927095655321
0.05556635434180753
0.05381875317965406
0.05346550601835589
0.052959379047533645
0.052437537265990826
0.05063513208722328
0.05113400995035626
0.05086857049185093
0.049598815469312815
0.04843547555341486
0.04704998228646982
0.04565639853752847
0.044246877014966525
0.04209306237029223
0.041187135318486036
0.03954995676888726
0.03921632757733829
0.038719925413473286
0.03988953560625141
0.03859568439617341
0.03659166649287085
0.03465487911061011
0.03438426406571725
0.03272099319651139
0.033104699584225045
0.03190289756150006
0.030939403750012036
0.028758973183615495
0.026518829980516027
0.025693839998336618
0.025264053432435554
0.024542582384826032
0.023174058084323317
0.022002788677772774
0.020057870438142944
0.020514494528559475
0.019261196826256256
0.0182658055958396
0.020278630067423517
0.019092911267151264
0.01764366049364548
0.016539418944281698
0.015903899936998176
0.01516987425609107
0.014493328206805073
0.013768990341279944
0.014196273385569058
0.012839974463058757
0.011930798683428116
0.01105683190441729
0.010121549655956633
0.00896916160047039
0.009943579994456869
0.009752667281010576
0.009147835888132158
0.008389954929923539
0.008713266605889931
0.008091637771265404
0.008443046202830016
0.007602467598206195
0.006774819977374233
0.0062160096101794805
0.008175988427823331
0.007362696284216411
0.006561541923470042
0.0057722556370556535
0.004994575648465142
0.004228247823742265
0.003937739713818023
0.003709005126146516
0.0040650673556995275
0.0035043619654766068
0.003380395048270142
0.0028323187265148955
0.0022918540472824213
0.002502105477309912
0.0019713054964052056
0.001571145826282726
0.0012227156820218067
0.0008789621385674263
0.0005989376843719283
0.0004294195226633762
0.00026213171634132044
9.703053580549631e-05
0.0
0.0
0.0
0.0
0.0
0.0
0.0
0.0
0.0
0.0
0.0
0.0
0.0
0.0
0.0
0.0
0.0
0.0
0.0
0.0
0.0
0.0
0.0
0.0
0.0
0.0
0.0
0.0
0.0
0.0
0.0
0.0
0.0
0.0
0.0
0.0
0.0
0.0
0.0
0.0
0.0
0.0
0.0
0.0
0.0
0.0
0.0
