The combination of impact cases are [48, 4]
2074.7838115453524
19.554813574021544
9.332719265163327
5.908007768742374
4.193975343532122
3.1651726295420026
2.4832750710246607
2.003000717838279
1.6511921558671214
1.3866228196615529
1.184779750344119
1.026552340410093
0.8968326439332444
0.7886592784642588
0.6981615319389605
0.6209438879220142
0.5547455559017431
0.4965384235124948
0.4459450408120715
0.4024517263826592
0.3647198466997005
0.33181724037401544
0.3033958809803845
0.278678602599686
0.25693691210877345
0.23737704609456337
0.22019485032599187
0.20499596731140118
0.1910708512360285
0.17846757562463278
0.1676587667509472
0.1593364404265336
0.15443003670077726
0.15168744809458168
0.14926773178645858
0.1451210566730361
0.14105404556653317
0.13599858429883976
0.12909062051215492
0.1231556056839738
0.11682437626128248
0.11448613306968314
0.11813923278866387
0.1252050539810468
0.12805955383630652
0.12697235829213552
0.12347202222618539
0.12187792022162476
0.11711833604437025
0.11378869508730234
0.10932725695195296
0.10725251504805544
0.101899587624422
0.09955619227468325
0.092179579359427
0.08501202829370455
0.08323613500863702
0.07425491011634688
0.06673624900524472
0.06166867332182639
0.06396981994568875
0.0624703364147995
0.060828388215600285
0.0582739083806813
0.05761033343473031
0.052403726865726585
0.041977573825418155
0.03780731340347066
0.0342148969294718
0.03556247679870005
0.024987986829794428
0.01759483117378775
0.025749683361479026
0.018548619400915133
0.011542152492422993
0.004722499791684041
0.0
0.0
0.0
0.0
0.0
0.0
0.0
0.0
0.0
0.0
0.0
0.0
0.0
0.0
0.0
0.0
0.0
0.0
0.0
0.0
0.0
0.0
0.0
0.0
0.0
0.0
0.0
0.0
0.0
0.0
0.0
0.0
0.0
0.0
0.0
0.0
0.0
0.0
0.0
0.0
0.0
0.0
0.0
0.0
0.0
0.0
0.0
0.0
0.0
0.0
0.0
0.0
0.0
0.0
0.0
0.0
0.0
0.0
0.0
0.0
0.0
0.0
0.0
0.0
0.0
0.0
0.0
0.0
0.0
0.0
0.0
0.0
0.0
0.0
0.0
0.0
0.0
0.0
0.0
0.0
0.0
0.0
0.0
0.0
0.0
0.0
0.0
0.0
0.0
0.0
0.0
0.0
0.0
0.0
0.0
0.0
0.0
0.0
0.0
0.0
0.0
0.0
0.0
0.0
0.0
0.0
0.0
0.0
0.0
0.0
0.0
0.0
0.0
0.0
0.0
0.0
0.0
0.0
0.0
0.0
0.0
0.0
0.0
0.0
0.0
