The combination of impact cases are [50, 90, 19, 34, 12, 85, 40, 87, 3, 74, 9, 49, 39, 94, 24, 26, 11, 61, 30, 99, 37, 79, 70, 27, 8, 80, 1, 2, 44, 7, 52, 64, 20, 23, 35, 41, 86, 69, 16, 77, 73, 38, 22, 17, 6, 45, 57, 89, 42, 43, 28, 56, 93, 46, 59, 60, 81, 31, 13, 62]
1793.310593172467
16.77029737073859
7.955741548381522
5.024102474509842
3.567461783027749
2.703319063988971
2.1359415794378114
1.737365231244133
1.4436525285588762
1.2195419166532395
1.0426425298147686
0.9024093229346104
0.7891800310311184
0.694001650434492
0.614263654586855
0.549823025159252
0.4965087765785805
0.45202719702240857
0.41577564419260077
0.38487642471052236
0.35609985615963147
0.3306336179514512
0.30835982841967435
0.29119352683462085
0.2755848036145593
0.2618231639114704
0.2467017935233558
0.23256571956524708
0.22056739231620553
0.21045638323501312
0.20239592387291652
0.1948365031921199
0.18881021561967948
0.18322068788989287
0.17754195601911768
0.17114636512082035
0.16451813437003227
0.15750563312845192
0.1514610808636812
0.14608964286739526
0.14187327669885075
0.13558855701399938
0.13095632615753328
0.12584925583391968
0.12174239155956892
0.11763758329127694
0.11334253874866558
0.10941820644144644
0.10614348545419884
0.1029953859864284
0.09996668984832129
0.09539680955360533
0.09217943524890086
0.08973347503936205
0.08557182715312318
0.08283197127667576
0.07947310890032276
0.07643593795951878
0.07314851667357311
0.07082913924980941
0.06826815227759142
0.06625516065135799
0.06410784056677185
0.062086436052195555
0.060041626966954406
0.05675663451014731
0.05507522154242366
0.05361465447755074
0.050929674239846734
0.049880792112319786
0.047809809371174385
0.04645675954389448
0.04539506597028156
0.044628440965294384
0.04454523508918774
0.044329262794650236
0.04217460672872893
0.041106624076470984
0.040141515337337716
0.03986985337022789
0.03933235490234185
0.03760718435558736
0.03608313003429864
0.035181470613887975
0.03362794204873215
0.033536739092652396
0.032807177776465204
0.03155869003566262
0.031797117045586444
0.030516305360730276
0.027965159241986098
0.02710859144671166
0.026271067564456477
0.025285196325347023
0.025202557080124782
0.02421667303350251
0.022830590672046954
0.021644840127502705
0.019970222042064986
0.01911329802137918
0.018588212038543116
0.01817562249281586
0.0172993021945187
0.016167590966682147
0.014367546579376354
0.015336694105778523
0.014782519669556437
0.013825435760070028
0.01472836413573634
0.013529560475433952
0.012748799311642415
0.012383770696047586
0.011615362972843522
0.011872104291694071
0.011672097521760159
0.011065001562801713
0.011442401389364663
0.010522689947797204
0.00988637050887781
0.009079629677869497
0.008089971217229265
0.007503634539920963
0.007349359750140803
0.006808330522144595
0.006057423703951007
0.005209032189034333
0.005188502698730283
0.004701218598273129
0.004347331153930346
0.0037968777197364377
0.0032548921485080866
0.002911760635990037
0.0026040189537205553
0.0023104553882790733
0.0026368483711470773
0.002246974671597413
0.0018628339872395192
0.0014843007867580715
0.0011312051444254986
0.0011034526860301914
0.0008574932124470371
0.0006541784330674555
0.0008313249236459249
0.0007089699028142913
0.0005883141392621078
0.0004693224783667885
0.0007326809709683451
0.0006143261136222155
0.0004975705381752316
0.0003823820464817544
0.00026872929895612873
0.00015658178614541335
4.5909801424187156e-05
0.0
0.0
0.0
0.0
0.0
0.0
0.0
0.0
0.0
0.0
0.0
0.0
0.0
0.0
0.0
0.0
0.0
0.0
0.0
0.0
0.0
0.0
0.0
0.0
0.0
0.0
0.0
0.0
0.0
0.0
0.0
0.0
0.0
0.0
0.0
0.0
0.0
0.0
0.0
0.0
0.0
0.0
0.0
0.0
0.0
0.0
0.0
0.0
