The combination of impact cases are [52, 81, 30, 55, 39]
2109.002378350492
19.90353360684195
9.543290568664812
6.089953939043501
4.391261061902591
3.377599353026709
2.713679561517939
2.2474097532034256
1.904183926651278
1.6467939433446257
1.4424062572610186
1.2921741392289574
1.1798063074061096
1.0688404150050665
0.9588917825846308
0.8847971710197488
0.8129888133546893
0.7481195807397715
0.6854802912336283
0.639680359749117
0.5762536705050632
0.5212314431895669
0.5916853449516907
0.5501543039786763
0.5172819921453983
0.5010085134273692
0.4530154778408045
0.4128354460797685
0.3813726270271049
0.3570106170727213
0.3318462240980372
0.31281341143111674
0.2944453672585696
0.27739807282973517
0.2616386120543681
0.24667248357474436
0.23324079326200584
0.22157497542609783
0.21111834827470785
0.20157595751326565
0.19381721903851729
0.18718556719288282
0.18243549763738548
0.17895698452298198
0.17668694544058586
0.17382882838035726
0.1702676640761574
0.1658858114904389
0.16227819495149146
0.15760783341055437
0.1545777297520279
0.15294213580554336
0.15151615868239976
0.1498257427747829
0.14777923050651964
0.1453219042237304
0.1431221455128987
0.14130958239394925
0.13942924407728993
0.13798792158868656
0.1826172815585907
0.18187542098819223
0.18127009418678044
0.17964501872881974
0.18015251668656335
0.17796354094466427
0.17611709781964974
0.17405943423601183
0.1728436389902197
0.17109115958613358
0.1699137322119083
0.16611781493973535
0.1629963671206914
0.16309992987690483
0.1631672325953411
0.1627409648865959
0.24061793758240713
0.24667282659708695
0.24129558293052042
0.23353885047938633
0.22682911115828225
0.2195004232347214
0.2125776202600866
0.20501783852271588
0.19778127066683057
0.18930867404860974
0.18194206328495927
0.17342590729997737
0.16607413382998795
0.15921013250248134
0.15501819877193435
0.1483613394038621
0.1489282510520979
0.14309737393304178
0.14436163083085318
0.1420398953772213
0.1418265177303693
0.1433550086729577
0.2740925205031108
0.26680261252925747
0.26608927528128923
0.2662481859113953
0.25782918581709646
0.2416059361099327
0.22170276012809975
0.22459826537676514
0.23998292014987682
0.2410429752362937
0.2355837429645051
0.2329662409639952
0.21144379854785483
0.21321966896452638
0.20062480179513603
0.1854859763863265
0.17498365300463134
0.1595735663523901
0.1924419568485105
0.0
0.0
0.0
0.0
0.0
0.0
0.0
0.0
0.0
0.0
0.0
0.0
0.0
0.0
0.0
0.0
0.0
0.0
0.0
0.0
0.0
0.0
0.0
0.0
0.0
0.0
0.0
0.0
0.0
0.0
0.0
0.0
0.0
0.0
0.0
0.0
0.0
0.0
0.0
0.0
0.0
0.0
0.0
0.0
0.0
0.0
0.0
0.0
0.0
0.0
0.0
0.0
0.0
0.0
0.0
0.0
0.0
0.0
0.0
0.0
0.0
0.0
0.0
0.0
0.0
0.0
0.0
0.0
0.0
0.0
0.0
0.0
0.0
0.0
0.0
0.0
0.0
0.0
0.0
0.0
0.0
0.0
0.0
0.0
