The combination of impact cases are [23, 15, 44, 87, 27]
2418.743243481119
22.96037554043304
11.045180365762773
7.0539194182779426
5.059114046761337
3.8620092055014554
3.066466618001656
2.500629350748998
2.0797895095040495
1.75720543121285
1.504117195122231
1.3024417695520494
1.1377421229070923
1.0015914988581025
0.8895063475829313
0.7965374440411352
0.7181246364138583
0.6515690762188614
0.5944970373391503
0.5456618960796179
0.5028121169917206
0.4648935078016091
0.5385272543357705
0.5009868768337787
0.4682663022276252
0.44053650457437665
0.41679882840177745
0.39523050567263995
0.37643814569015865
0.35983146756532225
0.34332202727563077
0.3274160431151464
0.3113782503748371
0.29647055247486326
0.28471389823340854
0.27289465664955803
0.26347772443977646
0.2549142376606564
0.24480224129137348
0.2337984887150446
0.22397741228396412
0.2142935027582261
0.20565504293479145
0.1994319153205659
0.19655388165107382
0.19317992473570483
0.18655441436877945
0.1802436857030538
0.17319435053856633
0.16639302209300938
0.16041232421081236
0.15234992068398245
0.14571111292151284
0.14121952683030736
0.13356634531804096
0.12661628997925148
0.1203366850519228
0.11437025435032647
0.11033655798273734
0.10518904700216392
0.14196816420861066
0.1403282580042113
0.14529763992839642
0.14001563313911608
0.14173887153383705
0.13458504304218824
0.13643825640009016
0.1327542449273796
0.1253442500943938
0.12370672029740627
0.11631924133130074
0.12703851982664185
0.12052053140941592
0.11692853379579594
0.12227891968798363
0.12249576308301552
0.18260031908527657
0.2006352993079455
0.19104755496275483
0.1893111831645035
0.18065197172274283
0.17557029650504896
0.1716466541680396
0.1709877888556806
0.17412241388617558
0.17011694948366957
0.1589726221145351
0.1509733779137153
0.14910421945010438
0.15338769853795564
0.14795789648709445
0.1438581876585724
0.15372381652950068
0.15397351777536
0.139135992737593
0.13817726017898013
0.12953790523846642
0.12716015020279287
0.2325946661464711
0.21536823079563466
0.21396238979717647
0.2301742816517785
0.24247265164059123
0.22803209150785048
0.19699630575658464
0.2134029336768099
0.1951931743487686
0.18037331555217484
0.1678961883722236
0.14800905711428258
0.1442034616066407
0.13363874751567797
0.1145901024126433
0.0958785716361067
0.08339434272800829
0.09894516458691276
0.10156559633185695
0.0
0.0
0.0
0.0
0.0
0.0
0.0
0.0
0.0
0.0
0.0
0.0
0.0
0.0
0.0
0.0
0.0
0.0
0.0
0.0
0.0
0.0
0.0
0.0
0.0
0.0
0.0
0.0
0.0
0.0
0.0
0.0
0.0
0.0
0.0
0.0
0.0
0.0
0.0
0.0
0.0
0.0
0.0
0.0
0.0
0.0
0.0
0.0
0.0
0.0
0.0
0.0
0.0
0.0
0.0
0.0
0.0
0.0
0.0
0.0
0.0
0.0
0.0
0.0
0.0
0.0
0.0
0.0
0.0
0.0
0.0
0.0
0.0
0.0
0.0
0.0
0.0
0.0
0.0
0.0
0.0
0.0
0.0
0.0
