The combination of impact cases are [75, 40, 41, 79, 85]
1830.058680555729
17.131953198737534
8.117184713251003
5.101680787458338
3.6033779710141594
2.7163995342536715
2.1398409129371005
1.7414858381889682
1.4526962284425273
1.2311336117633114
1.0515180795071601
0.9017976219910329
0.7771874203807703
0.6756300605498575
0.5915743194638348
0.5262726673917
0.4784856668765519
0.43861397225658727
0.4039850237373395
0.3676396290700208
0.337536591397921
0.3128316045001028
0.363475036031289
0.3428065653135985
0.32904339101545826
0.3186717456564041
0.3043798176314954
0.2904117101817508
0.2755319657514378
0.2598933452008635
0.24919951056120968
0.23813706948236948
0.2301945352744956
0.21841410249366072
0.2096371305509932
0.20136027236069565
0.191053693887775
0.18391702211346933
0.17558244149683683
0.1644232076064932
0.16472741256657344
0.15289989711677257
0.14311240355317362
0.1393617031103956
0.13447765983934887
0.13306460129678427
0.1320273336674753
0.1298047521873003
0.13027937199585027
0.12918602220329067
0.12809388875986172
0.12517622725837135
0.12329190778867032
0.12037563702331999
0.11751181336984085
0.11573072439943446
0.11403030909755557
0.11363936939692879
0.11070935605733595
0.10873272136350912
0.14215577163044146
0.13973228907536564
0.14093538456839522
0.144069313110483
0.15091370540013133
0.15068931657649065
0.14752053016843264
0.14361645563766423
0.13476194922103152
0.13456959624008455
0.1346220613684267
0.1317827973740749
0.13446529282023878
0.1273011239722608
0.1311118944148978
0.12412425414734257
0.17405005695582612
0.1596346937991868
0.14606767297462597
0.14125572775072726
0.1393345549961852
0.12780715207587398
0.11850960598348935
0.11640264967755343
0.10543887526826645
0.09524794309872181
0.0990841143123458
0.08947782414130574
0.0858708162579542
0.08444527290647215
0.07810459536339959
0.0686219517436053
0.0645120460472821
0.05412677895872198
0.046053267396170855
0.04296530581634346
0.04059641012623621
0.03689491767453394
0.06972158764422227
0.06320114581117733
0.05786555838874713
0.05299917166644329
0.05319465131577014
0.050568831719340734
0.04794025883668907
0.04183620063125994
0.036708824168488155
0.03665246159453269
0.035819577886665704
0.038106452322403034
0.038526485007431555
0.03193597232794065
0.037592443392104775
0.03999131167798569
0.0751942970572163
0.06584559440194612
0.05665806238049996
0.0
0.0
0.0
0.0
0.0
0.0
0.0
0.0
0.0
0.0
0.0
0.0
0.0
0.0
0.0
0.0
0.0
0.0
0.0
0.0
0.0
0.0
0.0
0.0
0.0
0.0
0.0
0.0
0.0
0.0
0.0
0.0
0.0
0.0
0.0
0.0
0.0
0.0
0.0
0.0
0.0
0.0
0.0
0.0
0.0
0.0
0.0
0.0
0.0
0.0
0.0
0.0
0.0
0.0
0.0
0.0
0.0
0.0
0.0
0.0
0.0
0.0
0.0
0.0
0.0
0.0
0.0
0.0
0.0
0.0
0.0
0.0
0.0
0.0
0.0
0.0
0.0
0.0
0.0
0.0
0.0
0.0
0.0
0.0
