The combination of impact cases are [91, 27, 88, 49, 2, 9, 96, 20, 10, 21, 35, 51, 78, 31, 58, 34, 6, 70, 57, 33, 66, 23, 92, 44, 93, 19, 11, 82, 71, 65, 80, 5, 90, 75, 42, 13, 15, 61, 94, 56, 1, 7, 18, 79, 95, 17, 63, 32, 24, 59, 14, 38, 12, 81, 72, 22, 83, 87, 3, 8]
1969.1641070733926
18.5101021606663
8.825091252009399
5.601102954109109
3.9994167205943216
3.048704788957223
2.423063039154401
1.9819103480346298
1.655314451461412
1.4035486881010615
1.203097706222092
1.0422117680834284
0.9105676027997722
0.8002104794354606
0.7085965881291502
0.6318604367347099
0.5722739277201669
0.5192798956748645
0.47478153670697126
0.4379106092662953
0.4045522937240449
0.3752191238698079
0.34966496532206187
0.32844199301947025
0.3089853745155186
0.29002331239602863
0.27340702915885096
0.2588133087171452
0.24619501950654385
0.23543356062784646
0.22698980462427254
0.21917374652023874
0.21237485429526265
0.20621869254891895
0.19972970242574556
0.1927998459851094
0.18570387517593817
0.17814902331522153
0.17176276131502619
0.16641727789371638
0.16174177841628562
0.15601487284172474
0.15192429745260663
0.14751429931978627
0.14383243093429962
0.14051909663436832
0.1366615670065746
0.1330297995527234
0.129482952289939
0.12638459151046372
0.12310102449647148
0.11871741372400525
0.11535420751475456
0.1118338117191999
0.10814707347129515
0.10458928007565689
0.10107941580284197
0.09787440630975267
0.09424054558701807
0.09137263495599479
0.08965189098441602
0.08795759994702941
0.08659286721380148
0.08484365488936192
0.08204470426834794
0.08003560285936875
0.07828160111460752
0.07644890912197462
0.07307180355949884
0.07160836941939568
0.06988156880663314
0.06823513505746004
0.06770041657055861
0.06589140061113657
0.06567433911808192
0.06453210826025153
0.06271460638762766
0.0605308613414298
0.05844341046078546
0.05767236366594713
0.05720886089590255
0.05582609505499861
0.05507647792488732
0.05356885451509216
0.05111375644395287
0.05001587401951762
0.04986173527622859
0.047673529149508925
0.045990390827132195
0.04506258431712465
0.042587472582536846
0.04168719151103269
0.04022838456487841
0.03906653391542273
0.037336383731959466
0.03662972969567262
0.03508671327699153
0.03377326328262864
0.03242445389850689
0.030388865892944764
0.030622149411903814
0.030206982993690998
0.0292408390645337
0.02859171894892718
0.026860445888188318
0.027148345469285226
0.026670657728155925
0.025910151825279712
0.026468735994985435
0.024827768707540797
0.02362598151367846
0.023325840207847944
0.02138883124196183
0.021403753738776614
0.019953602000808705
0.019342063056085268
0.019544360153161137
0.018056515212073458
0.01656252229497317
0.01575329293094995
0.015223389255529584
0.01403518041892434
0.014032160227264513
0.013682678168876578
0.01296000485402848
0.011915450973325395
0.011632037847242104
0.010729932661408426
0.010338368907097623
0.009427146011481789
0.008477787236961513
0.007968284616158013
0.008502359369268369
0.007998708606298295
0.007857585413166203
0.006945210798775893
0.0062348021362510515
0.005445955084452468
0.0050715248312128
0.00495893285928325
0.0050035055989163125
0.0045227300041516035
0.005134544157818151
0.004754394287164456
0.00422588248573408
0.0046717815897744435
0.004530342125332082
0.004331342965909933
0.0038217296087348787
0.0032368355569960157
0.002781363218020443
0.0023214729481394413
0.0021282819230826937
0.0017419867092576375
0.0014499726747707802
0.001448258236155834
0.0019078003031011378
0.0016833487807509503
0.0014617382370937563
0.0013557495432710907
0.0011389563255459303
0.0009248560240005385
0.0008072472195284975
0.0005978086547279461
0.00046633231396782816
0.0006427359103767092
0.0005262799517514999
0.0003339577782614719
0.00023276960854341091
0.00013277886110117613
3.3964406196417345e-05
0.0
0.0
0.0
0.0
0.0
0.0
0.0
0.0
0.0
0.0
0.0
0.0
0.0
0.0
0.0
0.0
0.0
0.0
0.0
0.0
0.0
0.0
0.0
0.0
0.0
0.0
0.0
0.0
0.0
0.0
