The combination of impact cases are [62, 20, 43, 66, 42, 28, 77, 61, 63, 71, 29, 36, 92, 96, 57, 39, 47, 52, 94, 50]
1895.4162719186625
17.783264120272367
8.467955761491886
5.375991356624277
3.844152135521139
2.931608313258686
2.32683712310391
1.897689575065169
1.5806875359069001
1.3385793336636542
1.1469291183713735
0.9961429411645281
0.8757086828889036
0.7728184548075139
0.6841070848551076
0.6149370451564791
0.5546449501600276
0.5022522521099887
0.45610624849400827
0.4192419497672552
0.38324891146137785
0.35199621399160785
0.32429456116292593
0.3031934765738715
0.2859272680271201
0.2727294213329757
0.25398640375032944
0.23793620508781743
0.22487565238834042
0.2136424604209505
0.20321563254156305
0.19528683695299187
0.18882061168127623
0.18385371515378726
0.17939023503113197
0.17471566675532865
0.16860899772665777
0.16230695922276883
0.15748314520553858
0.15288471386725516
0.14961135403764603
0.14551291548493228
0.14105882251154236
0.1366283367076468
0.1324422995760892
0.12874040608006315
0.12556690428281103
0.12177499056261595
0.1187430320661469
0.11520396611035635
0.11387285538365174
0.11010893403881193
0.10710998642303235
0.10507339436592532
0.10045697388360678
0.09587606584698802
0.09208124765700677
0.09003634090144644
0.0861554122306309
0.08275938407753229
0.0799347192904971
0.07924497602732947
0.07417554843433989
0.07105847105869006
0.07005986966641044
0.0676001912358942
0.06437211096031288
0.06210906394026319
0.05868142880690928
0.0553121270304666
0.05159922086169022
0.049595470143641365
0.05077075032547954
0.048333405246775554
0.049060423452903165
0.04806270946837316
0.047559509928325014
0.045832294875068985
0.044876368887861624
0.04361537245541426
0.04423391906658657
0.04519606386805188
0.04397232827344933
0.04251665423875187
0.040121230820057516
0.03906278005721517
0.03771005083883704
0.037518171211058236
0.03754846573593874
0.03478866116243952
0.032031327585604
0.03118948679648261
0.031274202445299146
0.029978570867039516
0.028139431444971722
0.02727739528211478
0.025497637431939175
0.022817632416375588
0.022278385058083074
0.02088116157126578
0.020185260839522094
0.020449331379035783
0.019737804029290654
0.01896248802185396
0.018044571671478438
0.019331861893581645
0.018952927846238758
0.017410176520313625
0.017811608537180314
0.016832533794978427
0.017463495678673297
0.01658653992400007
0.015775297647036876
0.01556011013476311
0.01375892850500345
0.012348371644846565
0.011418661790861043
0.010255964318359654
0.009360294557561996
0.008445830856901142
0.0085606732861991
0.00835285036360468
0.00761315790929635
0.007507786989197185
0.007434569953832268
0.006975130151223673
0.007076049067518571
0.00723736715798755
0.007003261797910373
0.006561410301305666
0.00632660056174666
0.006317293038913256
0.005890679200373788
0.006126559623093363
0.005939637516389521
0.00552530052424664
0.005573704851445953
0.005168086979402844
0.005000501536823183
0.004835974256885526
0.004444316703417585
0.004265484126395935
0.00461522695497561
0.004233328998440983
0.004106232960400776
0.003733112259939897
0.0036068237550858093
0.0034859205404994915
0.0033725801490597567
0.0030143989533684542
0.0029075720960206244
0.0025572140275428243
0.0029934109958497717
0.0026470714701803968
0.002305229568360706
0.0019677982452226098
0.0025130253504971932
0.0021785687860537807
0.0018483455810608459
0.0018607792792608702
0.0015366696666291673
0.0012165860102936663
0.0011819991000105597
0.0008680183691166688
0.0007840911908690454
0.0016200403935109798
0.0013090950273400852
0.0010018733347844156
0.0006983088256302327
0.0003983365833035284
0.00010189321858925203
0.0
0.0
0.0
0.0
0.0
0.0
0.0
0.0
0.0
0.0
0.0
0.0
0.0
0.0
0.0
0.0
0.0
0.0
0.0
0.0
0.0
0.0
0.0
0.0
0.0
0.0
0.0
0.0
0.0
0.0
