The combination of impact cases are [13, 71, 44, 28, 8, 18, 47, 49, 81, 10, 66, 85, 29, 58, 59, 9, 80, 23, 35, 52, 64, 63, 48, 32, 87, 94, 36, 90, 2, 37, 96, 99, 70, 7, 77, 76, 14, 54, 97, 5]
1813.8304824951606
16.97435814282558
8.055203132725705
5.083522318936035
3.6083170247881293
2.7312705120802527
2.1557613261878887
1.7506390115762882
1.453047300305624
1.22682548573636
1.0487124557211391
0.9086913402247327
0.7960915297383153
0.7006986899205593
0.6199936013023651
0.5543236605043025
0.5068982940138825
0.46324635060149466
0.42428883737487266
0.3930271376411944
0.3619202424743588
0.3358916175803498
0.31308990502904865
0.29488467981556793
0.2783152614644561
0.2604901187330307
0.2465296627219186
0.23442134863721747
0.22435549883837771
0.21591033331871248
0.20952067096340032
0.20353517563842385
0.1980046307708587
0.19333229133823981
0.18925830549601572
0.18416458648880876
0.17826066623358086
0.17138290022070016
0.1655427358803161
0.16088511977688208
0.1571209795849403
0.15209788208117564
0.14870473960159705
0.1456861514796166
0.14338398827834561
0.14040162504808387
0.13664282782997308
0.1336769644527356
0.13009092676213094
0.12785969593320562
0.12599088610393866
0.12049563155828502
0.11626972843619884
0.1132728441182924
0.10740995464831074
0.10248456028347742
0.09837738783786068
0.09391324093651031
0.09045622170346997
0.0875333658250732
0.08487384819449989
0.08345992680539692
0.08146032329957358
0.07857635649396212
0.07628615052872383
0.07466847585902087
0.07301875465060817
0.07140485950334492
0.06868024454347514
0.06644909581866676
0.06421509914030847
0.06302880978670256
0.0617961918016607
0.060076614740759204
0.05887310275840503
0.05719722948519469
0.05416689378855928
0.05179772853771593
0.04929359868483197
0.04769392962969075
0.047499349705336494
0.047497001338930436
0.04586259420109113
0.04371100845345327
0.0411719660665305
0.0407118111294306
0.04127396280150831
0.038934997750553785
0.03780813766132002
0.03640523296560421
0.03408990094577804
0.03182651501443382
0.03172164757418292
0.030618324646929884
0.02973704162866527
0.028235024494219465
0.026631109222358996
0.02465648266822707
0.023212492035243813
0.021524157328567068
0.020231625969967453
0.020419432136648253
0.019675120517798166
0.018980530971062285
0.017815167757050193
0.017178296959179707
0.017112995124787256
0.016492750683943125
0.016192583248694915
0.015120364007156951
0.014532182134873787
0.01394392515477631
0.013508930381772082
0.01354387731173513
0.01298718016778441
0.012039946135143267
0.011963233747757457
0.011585976362326379
0.011027310424443163
0.009996826433424557
0.009006145817142612
0.00890812177359946
0.007994207382919737
0.007935608383598951
0.007567330719345181
0.00705784390139341
0.007678008713978786
0.007268258732261086
0.006647822792614784
0.0063234057579770004
0.005728667748835436
0.005238981336862537
0.00458453447397001
0.004745793279897999
0.004445881498894949
0.004057546939213901
0.003957747258977247
0.003596129951460394
0.0035086355679801035
0.003382438766236102
0.0032742723956935664
0.0032335491961338384
0.003826889034536288
0.003808198575289606
0.00355930555256565
0.004021265747546167
0.0037721430722399895
0.0040043794521488485
0.003763522923817664
0.003402718127203966
0.003170013194224543
0.0028179172203276655
0.0028614264661464394
0.00251594952808096
0.00217495901215617
0.0021723873542337513
0.002861700454651707
0.002525023171126426
0.0021926073556406346
0.0020336243149066363
0.0017084344883188953
0.0013872840360008077
0.0012108708292927462
0.0008967129820919193
0.0006994984709517422
0.0009641038655650638
0.0007894199276272499
0.0005009366673922078
0.00034915441281511636
0.0001991682916517642
5.0946609294626014e-05
0.0
0.0
0.0
0.0
0.0
0.0
0.0
0.0
0.0
0.0
0.0
0.0
0.0
0.0
0.0
0.0
0.0
0.0
0.0
0.0
0.0
0.0
0.0
0.0
0.0
0.0
0.0
0.0
0.0
0.0
