The combination of impact cases are [18, 25, 88, 74, 70, 89, 2, 91, 82, 37, 85, 75, 92, 79, 95, 58, 98, 10, 83, 72, 8, 22, 77, 23, 6, 51, 46, 93, 100, 41, 16, 96, 1, 50, 73, 13, 54, 43, 3, 84, 76, 67, 39, 17, 86, 7, 49, 65, 19, 52, 14, 15, 34, 97, 5, 94, 80, 61, 33, 56]
2035.4918513214902
19.16775259694427
9.151490404612717
5.809169329030779
4.147774223964244
3.16038148630966
2.5100047873533424
2.052977526916782
1.7154756854879305
1.456091401465341
1.2495585637600075
1.0836788588822213
0.9479077749356994
0.8335528895583693
0.7369464333795146
0.6578090016820488
0.5931048292705589
0.5387538897802746
0.4919006250215745
0.45198901255721424
0.4140453631659154
0.382162196432205
0.3550751745131309
0.3334753864240244
0.31424256167345
0.29674357555766634
0.27897273696800107
0.26249951145664835
0.248593932848887
0.23642651816644566
0.22582274113685288
0.2163476087207202
0.2079904392826974
0.20082015928262967
0.1950947446982495
0.18827246615143414
0.18147623995029505
0.17531837867391667
0.1700750815039677
0.16571720414897412
0.16204094280405115
0.1574937943025646
0.1535103075758732
0.14889398106608198
0.14464321000878788
0.14085348257957817
0.1374240548270903
0.13361433277085624
0.12998478347615525
0.12675688683771433
0.12262398221652479
0.11892990633588585
0.11551352931966576
0.11195665011014667
0.10813634956440263
0.10580512842866614
0.10319356803807249
0.10012445213546872
0.09675358147255576
0.09447999473650878
0.0915662240639075
0.09033918750901332
0.08908349807455743
0.08738968217107888
0.08505464569828967
0.08157990875101333
0.07849319229413344
0.076543686876726
0.07439316820309615
0.07250342826754946
0.07055662015160363
0.06871222784954456
0.06750534841537278
0.06630519661141161
0.06502484947670345
0.0634483879328553
0.06276038118198957
0.061368343825775606
0.060034348255056526
0.05986181302549571
0.05998867144904969
0.05837348471055059
0.0577816015661831
0.056216913449523676
0.05421818006802595
0.053174291764631954
0.054055221996930275
0.05232901441429448
0.051576121688636976
0.05034230895994055
0.04770536869621608
0.045617883651131605
0.044233006636246984
0.04198126190587841
0.04224628968352768
0.040661251107691275
0.038934270109539135
0.03681826401642586
0.03553765133599167
0.033931826067820345
0.033821148557497266
0.03245689186319906
0.030585223567708306
0.029313393917353353
0.027439197422360655
0.027069814706299024
0.025707852061792734
0.02440726834668584
0.024613446192684397
0.022903343311103472
0.022004986562617207
0.02106052801192721
0.019893679530185567
0.01988233235325053
0.01931867589129647
0.01836664886109923
0.017890755594175498
0.016876052216848545
0.016215805882139767
0.015272940938727839
0.014212282813575006
0.013364959250688438
0.01328434920555856
0.01261043255307765
0.011866253918797283
0.01070161876162508
0.01071227907245883
0.009817415511466993
0.00917070649710687
0.00853957936995101
0.007597047505961595
0.006923465991576411
0.006687041922899561
0.0064762456382602696
0.006037410275688246
0.005261965086789947
0.004686472329795515
0.0040561288286327995
0.003933297441151755
0.003818083072174261
0.004108882388461296
0.003831684887719643
0.004279833326795218
0.004022202003350997
0.0036145072208086746
0.003684049058264984
0.003663521854200109
0.003583790002295556
0.0031918323411643523
0.0027230148203710386
0.0023820714284391573
0.002035193266363857
0.0019535274455218135
0.0016772996853873065
0.0014499726747707802
0.001448258236155834
0.0019078003031011378
0.0016833487807509503
0.0014617382370937563
0.0013557495432710907
0.0011389563255459303
0.0009248560240005385
0.0008072472195284975
0.0005978086547279461
0.00046633231396782816
0.0006427359103767092
0.0005262799517514999
0.0003339577782614719
0.00023276960854341091
0.00013277886110117613
3.3964406196417345e-05
0.0
0.0
0.0
0.0
0.0
0.0
0.0
0.0
0.0
0.0
0.0
0.0
0.0
0.0
0.0
0.0
0.0
0.0
0.0
0.0
0.0
0.0
0.0
0.0
0.0
0.0
0.0
0.0
0.0
0.0
