The combination of impact cases are [23, 81, 2, 35, 45]
1858.177145755346
17.409849198562714
8.253978830354392
5.186147591929023
3.6553362072138986
2.743703912909769
2.1442469672833955
1.7241842063348112
1.4172188711782707
1.1862381303894958
1.0074187072595973
0.8659641086483794
0.7502217852277495
0.6527731492540809
0.5706322354878991
0.5022880745313092
0.44464613484434595
0.3972619811160425
0.35846908617500206
0.3272380634764745
0.30338338168025314
0.2837764144963949
0.33346745931684474
0.31488199939278555
0.29884183755048827
0.28634429430259467
0.27692684787140076
0.27168165444083153
0.27097980049856896
0.27183957553443155
0.2764192273635032
0.2830903721877214
0.28507492662820105
0.2837227737947501
0.2832551242068255
0.2791271521623653
0.27338902515498625
0.2658131437503368
0.2582494660873474
0.2550566107947602
0.2521079245893739
0.24681351901990153
0.2479674616436774
0.2500807332891308
0.2505668929430609
0.24272724659478123
0.23536455153823535
0.23119435460413965
0.23233602395512548
0.21903226456934993
0.2069346693050034
0.19766395343520318
0.19149141212365717
0.1836329531790167
0.1734048232177964
0.16349699114915944
0.15685864969133426
0.14977954639123556
0.14122806393297888
0.1348534008005526
0.16990628922925366
0.1629216037685229
0.15679460512955204
0.1461167193336818
0.13897922945862104
0.13302297764879883
0.1296872230652067
0.12552887252489184
0.11865886332611841
0.11416776373983548
0.10971126043889831
0.10226807536506487
0.0993933436938445
0.10725784817360891
0.10897719861714379
0.10727608060015865
0.14415763530843562
0.13786558281113262
0.13682368977358553
0.15919819259661178
0.17084802778243074
0.1535054050194618
0.13723380554694636
0.12998032412217994
0.11331329340239876
0.1217663186659475
0.12356633786937485
0.10679306733305215
0.09125371650352405
0.07653857796125717
0.06599947070418055
0.05689486835145507
0.06472704702614224
0.05575567287890686
0.047012181078061
0.041020332115249566
0.03512722372214111
0.028165795233442436
0.042027385422912795
0.03591569318938788
0.032272151846953
0.03503398243793439
0.03450764562463639
0.030250010419065634
0.025973855554492938
0.029230032791033596
0.06026599575301855
0.0630358400312511
0.07345166162675781
0.0636043847099349
0.053936132915774725
0.07010125269752707
0.06054763027166783
0.05116308354501396
0.04194316354733993
0.032883576041755076
0.05524444804584655
0.0
0.0
0.0
0.0
0.0
0.0
0.0
0.0
0.0
0.0
0.0
0.0
0.0
0.0
0.0
0.0
0.0
0.0
0.0
0.0
0.0
0.0
0.0
0.0
0.0
0.0
0.0
0.0
0.0
0.0
0.0
0.0
0.0
0.0
0.0
0.0
0.0
0.0
0.0
0.0
0.0
0.0
0.0
0.0
0.0
0.0
0.0
0.0
0.0
0.0
0.0
0.0
0.0
0.0
0.0
0.0
0.0
0.0
0.0
0.0
0.0
0.0
0.0
0.0
0.0
0.0
0.0
0.0
0.0
0.0
0.0
0.0
0.0
0.0
0.0
0.0
0.0
0.0
0.0
0.0
0.0
0.0
0.0
0.0
