The combination of impact cases are [82, 68, 70, 48, 97]
1741.2635940613106
16.253932245499517
7.6788466657085035
4.815175768810214
3.398813934372585
2.5596028746932866
2.007112726439092
1.6209968780277113
1.337431013035676
1.1225519458055628
0.9563980497520157
0.8239049855731669
0.7145449001693228
0.6228422705778215
0.5458012458270786
0.4804330655026201
0.42614552006730655
0.3810203091304115
0.34507287970461165
0.3154699027571261
0.2902015362834893
0.269467216537643
0.3146874656380104
0.29454805088467145
0.27538919056571015
0.2603002264545645
0.2478197883021862
0.23915423445757483
0.23609041076004264
0.22911065211609707
0.22623627703009336
0.22387125202276453
0.2197083486116435
0.22644027461717195
0.22462834879687027
0.22410948624573784
0.21533097160772788
0.20648576916425193
0.20432533961952043
0.19275852665352455
0.19285255065152612
0.18172529327762244
0.1722241209177158
0.16757053222840207
0.16652524861761536
0.16217631392114787
0.15995434586065427
0.15582027540108215
0.14963863187752513
0.14480264759167794
0.14136473991620946
0.1411261169228466
0.13734939854052197
0.1325493367543209
0.12905576222897366
0.12541221578521777
0.12400563736345727
0.11420405466053328
0.1127002885817772
0.10999739079328655
0.137980388276902
0.1334816564280667
0.12019314573075718
0.11649938892608805
0.10758803185009627
0.1006253018444835
0.09059863446420502
0.08340230945800045
0.07626749344706013
0.0626287093287039
0.05458860112592012
0.05218709184178136
0.04266931869826207
0.04226060284233965
0.03511032565514487
0.027800016229584414
0.03445961447881881
0.04095342601424262
0.040239775051780106
0.04284633265427146
0.04367524935629826
0.041563864547398535
0.05197013263679811
0.04532069125248407
0.03882955105480815
0.0324911256003271
0.026300088249964864
0.02025135723944365
0.014340081767523927
0.008561629022010438
0.007463299465032749
0.0018873924583637854
0.0
0.0
0.0
0.0
0.0
0.0
0.0
0.0
0.0
0.0
0.0
0.0
0.0
0.0
0.0
0.0
0.0
0.0
0.0
0.0
0.0
0.0
0.0
0.0
0.0
0.0
0.0
0.0
0.0
0.0
0.0
0.0
0.0
0.0
0.0
0.0
0.0
0.0
0.0
0.0
0.0
0.0
0.0
0.0
0.0
0.0
0.0
0.0
0.0
0.0
0.0
0.0
0.0
0.0
0.0
0.0
0.0
0.0
0.0
0.0
0.0
0.0
0.0
0.0
0.0
0.0
0.0
0.0
0.0
0.0
0.0
0.0
0.0
0.0
0.0
0.0
0.0
0.0
0.0
0.0
0.0
0.0
0.0
0.0
0.0
0.0
0.0
0.0
0.0
0.0
0.0
0.0
0.0
0.0
0.0
0.0
0.0
0.0
0.0
0.0
0.0
0.0
0.0
0.0
0.0
0.0
0.0
0.0
0.0
