The combination of impact cases are [95, 51, 61, 26, 33, 100, 80, 19, 98, 13, 87, 77, 23, 31, 8, 70, 72, 96, 66, 76]
1896.197626288138
17.788425937880138
8.460109331150045
5.351800703566346
3.8045775948285963
2.8872413720837624
2.287403553584066
1.869742720682474
1.5613582234350973
1.3231445485599196
1.1341047559348343
0.9844026959879242
0.8647130966219232
0.764887456137899
0.6813665634085369
0.610095754827217
0.5507999319460734
0.5033160192462615
0.46519174136118563
0.4299310163540663
0.4007575374215023
0.3710409782048206
0.3441497069234975
0.3198200312761016
0.298374723551301
0.28007252779053554
0.2648859141088534
0.2514516728489824
0.2392651139320496
0.2285088354558364
0.2195072705520752
0.2104198102316937
0.20098371889185976
0.19233850684863568
0.1864810395323934
0.17804223113962805
0.1706630286151532
0.16431181995986996
0.15967704281276884
0.15616173547660073
0.15413492851837665
0.15021181306873108
0.14735113457420407
0.14237929214914746
0.13703285762875805
0.1322329591057589
0.12762293742237113
0.12392250165717014
0.12043401325369267
0.11965927785135665
0.11556735434932487
0.11190650609537973
0.10882721221236771
0.10573722151239635
0.10250284938018393
0.09964546848934462
0.09780582213415995
0.09526142344848244
0.09276517794996646
0.09055784959223817
0.08798687588503262
0.08562414942397698
0.08274151807901055
0.08133557940324992
0.07834653162193407
0.07752658171651633
0.0761069692248035
0.07516883757782984
0.07218275717208017
0.06938154981460387
0.06716058590358563
0.06461955456365888
0.06560068176859667
0.0650085223033821
0.06182482308951118
0.058943654469658754
0.05750519664531553
0.05673723385917556
0.05484302166333383
0.05298716611334114
0.051323621998566105
0.04973243322475457
0.049961834444527925
0.04840396196627629
0.04883188015248621
0.04759461360739795
0.048813921833658055
0.04733445185246315
0.0474075854063462
0.04917577074380895
0.047267041151671046
0.0469307966493226
0.0453264133585362
0.04299835657283922
0.0411194034104494
0.04005680242943708
0.03855948396183778
0.03713708394209142
0.03525968335161615
0.03298318441559294
0.031832900470909496
0.03185235915505329
0.02981892410682444
0.027487878293483804
0.025990732150092472
0.024492132366955573
0.022598518077705146
0.020316688505751346
0.02026989700690422
0.019074894412035238
0.019495865215708976
0.01841857828922877
0.01829496594823316
0.017872809730693117
0.015986231831866267
0.015138225386595129
0.014500168609867022
0.013962385765027069
0.014239553336783154
0.012863958146763046
0.011905019641320595
0.011557598913824185
0.011081246692875054
0.010541211204316116
0.010287733996654612
0.009431273266930206
0.009031155147736855
0.00878341012604398
0.00849008580129778
0.008065059361092527
0.007434098180400514
0.0070346868683632945
0.007434924272849194
0.007283283119155682
0.006714622908540307
0.005924202772896208
0.005602054184402825
0.005168086979402844
0.005000501536823183
0.004835974256885526
0.004444316703417585
0.004265484126395935
0.00461522695497561
0.004233328998440983
0.004106232960400776
0.003733112259939897
0.0036068237550858093
0.0034859205404994915
0.0033725801490597567
0.0030143989533684542
0.0029075720960206244
0.0025572140275428243
0.0029934109958497717
0.0026470714701803968
0.002305229568360706
0.0019677982452226098
0.0025130253504971932
0.0021785687860537807
0.0018483455810608459
0.0018607792792608702
0.0015366696666291673
0.0012165860102936663
0.0011819991000105597
0.0008680183691166688
0.0007840911908690454
0.0016200403935109798
0.0013090950273400852
0.0010018733347844156
0.0006983088256302327
0.0003983365833035284
0.00010189321858925203
0.0
0.0
0.0
0.0
0.0
0.0
0.0
0.0
0.0
0.0
0.0
0.0
0.0
0.0
0.0
0.0
0.0
0.0
0.0
0.0
0.0
0.0
0.0
0.0
0.0
0.0
0.0
0.0
0.0
0.0
