The combination of impact cases are [41, 76, 67, 75, 30]
2169.5857296349823
20.495584314509976
9.81051422184174
6.234459632583249
4.4462058509285125
3.3749666530246936
2.6708329442890477
2.1839466934391676
1.8366758882724343
1.5760899232807781
1.3670967649619001
1.1931497721855542
1.045847054756238
0.920578582943993
0.8150434105449101
0.7266748079018077
0.652906394024718
0.592117455186123
0.5418799353327854
0.49639883600546464
0.4577675179814376
0.42498982685975156
0.4941945968845486
0.4648485670725405
0.4407970137129963
0.417742384195462
0.39530540027562355
0.37395074668942163
0.35520398397756625
0.33818080598009187
0.3255809469821074
0.3129679105475499
0.3014852474020441
0.28911813292638333
0.27684821685560196
0.2658883173976363
0.2561910145769916
0.2474282771169702
0.2392880243287963
0.229805615031319
0.22121866618085484
0.21371984013913423
0.20464922342796316
0.19713823632317176
0.18789017528694765
0.18140332786045318
0.1748662011778526
0.16744455872994074
0.16193450694859485
0.1581382030262529
0.15210141427237062
0.14648202225434645
0.14081829814420402
0.13597677531223284
0.132622952198373
0.1294933640440822
0.12771015500533434
0.1257861211641892
0.1233858972890213
0.12397905975184681
0.162314248084874
0.15771380296594595
0.15230379869701216
0.15457463259162574
0.15487196882227589
0.14970413836262153
0.14608107699372685
0.1405304911761945
0.14003717729852996
0.13824755123798538
0.1377334150396079
0.14172290202478358
0.13576526593995555
0.1381938070527595
0.13538672613916938
0.13176054319219738
0.19892617480871816
0.21202899282413593
0.20913328329873782
0.21697813451630726
0.21226154011024506
0.1951641728401473
0.1806464607077889
0.17484734360074494
0.165887765976533
0.17236838702475643
0.17049913850986656
0.15179387691056123
0.146443086087903
0.14021642092035574
0.12203716173389478
0.10356701922017973
0.10193610692530303
0.09563631947566695
0.09459354263904446
0.0966406111519893
0.09765205774993321
0.10227053620921736
0.19473601883983593
0.18287229905051433
0.18844034012585062
0.18962719476336828
0.1791884518469333
0.1701023777918314
0.15644624776059313
0.16312289832502558
0.155034205947737
0.1476030767693504
0.14120458976093703
0.1424745415279847
0.14022512066064832
0.12094555025239351
0.10904259805177967
0.09776601962667802
0.08990551951270107
0.08042890430729153
0.08724450589815806
0.0
0.0
0.0
0.0
0.0
0.0
0.0
0.0
0.0
0.0
0.0
0.0
0.0
0.0
0.0
0.0
0.0
0.0
0.0
0.0
0.0
0.0
0.0
0.0
0.0
0.0
0.0
0.0
0.0
0.0
0.0
0.0
0.0
0.0
0.0
0.0
0.0
0.0
0.0
0.0
0.0
0.0
0.0
0.0
0.0
0.0
0.0
0.0
0.0
0.0
0.0
0.0
0.0
0.0
0.0
0.0
0.0
0.0
0.0
0.0
0.0
0.0
0.0
0.0
0.0
0.0
0.0
0.0
0.0
0.0
0.0
0.0
0.0
0.0
0.0
0.0
0.0
0.0
0.0
0.0
0.0
0.0
0.0
0.0
