The combination of impact cases are [39, 32, 49, 48, 55, 26, 2, 33, 42, 40, 92, 43, 41, 58, 74, 97, 61, 63, 67, 47, 12, 10, 85, 90, 65, 11, 69, 45, 98, 38, 29, 82, 18, 15, 93, 9, 78, 86, 91, 76, 75, 81, 87, 6, 59, 54, 83, 24, 27, 16, 4, 46, 17, 37, 84, 19, 31, 13, 14, 56]
2031.754502878078
19.129911182373483
9.133921020222026
5.800639335682812
4.139799064738768
3.1495298499676143
2.4968708369071666
2.038660500115956
1.7004711832997244
1.4418633088330615
1.2385733671120074
1.0757438182539185
0.9421280918422453
0.8295126459688728
0.7355662132236119
0.6573639817655171
0.5964766937805333
0.5421207950973144
0.4951126498019762
0.4553180520913428
0.42078463534562677
0.3901666292323231
0.36335688974403013
0.3402576955132615
0.32012976014222005
0.3028758251953909
0.28513612635245383
0.27015369670304773
0.2563469900997308
0.24365253754005645
0.2326754054389696
0.22297597372853345
0.21566038800843898
0.20868330455290426
0.2009468158049789
0.1937660489436801
0.18638561730756192
0.17873445849105724
0.17206287399736822
0.1661410987108102
0.16171882448971464
0.15561741049217506
0.1511375430124574
0.14666004734343321
0.14224176463809005
0.13816345502770253
0.1343475375254647
0.13047288441043084
0.12730380357081064
0.12395925634250311
0.12083467486778926
0.11618825583489073
0.11260438368795227
0.109160743807774
0.10504506595571507
0.10153629094254688
0.09801696873463567
0.09480832920216853
0.09135281805453631
0.08870352830304823
0.08621580972934421
0.0851314744351353
0.0835025370531274
0.08156903863952936
0.07898767563324195
0.0757364696759966
0.07357227691915132
0.07094018788729292
0.06887784362772222
0.06835552373745628
0.06617379816098731
0.06460492533717484
0.06306230156709992
0.060627807873638424
0.05994590195406067
0.058757843659179826
0.05768741394147431
0.0561946040189697
0.05471505016662451
0.054732777503775525
0.0546954429231364
0.05397473569968993
0.05268863777284307
0.05082282009640481
0.049013760496021325
0.048317808877329074
0.047942527833818596
0.04629204490408864
0.046149420395039706
0.04434083696626955
0.04179156635617963
0.039500480052678644
0.03865533342475708
0.037321405065376095
0.03679069724539924
0.035669370113674104
0.03404771573143982
0.03240987770092711
0.030435673774504825
0.02887870678637622
0.0285720165960179
0.027389212182741228
0.026017950890922282
0.02537180605268493
0.023529919920417437
0.02320048038427373
0.022720936767819798
0.021083305881296983
0.02160227284523011
0.01990000180565397
0.019561980212097468
0.019147271717745527
0.018289261449770864
0.017314035366331075
0.017107219831421935
0.016664634149003012
0.01649060615042167
0.015740797654357857
0.015573746956054174
0.01404220228159188
0.013011652221973806
0.012145820260445826
0.011778548294035528
0.011341985070081469
0.010512535057024878
0.009216815930667274
0.009510233646044398
0.008708699881497448
0.008702781709900366
0.00793664269742878
0.00693200026288558
0.006123283822263856
0.006665344419252889
0.0062360180955050104
0.006155116635656
0.005378799612378531
0.0046502316490562075
0.0039078878437791105
0.0035879816145836974
0.0032783121308686066
0.0034539275626633468
0.00303324604891048
0.0032430611628354073
0.0029926794873901723
0.002508967620768491
0.0025861333434480816
0.0024925518272378992
0.0024218164887957255
0.0020676389581444333
0.0017182151692482204
0.001412880729765616
0.001182788590516249
0.0009557237802385562
0.0007949425286605076
0.0006815628186505448
0.0007923254877482976
0.0010701251862687401
0.0009571591853996902
0.0008456230434068078
0.0007354897835174674
0.0006267331033362078
0.0005193273539026497
0.0004132475195249776
0.0003084691983557233
0.0002049685836781464
0.00010272244587304924
8.991494263813818e-05
0.0
0.0
0.0
0.0
0.0
0.0
0.0
0.0
0.0
0.0
0.0
0.0
0.0
0.0
0.0
0.0
0.0
0.0
0.0
0.0
0.0
0.0
0.0
0.0
0.0
0.0
0.0
0.0
0.0
0.0
0.0
0.0
0.0
0.0
