The combination of impact cases are [47, 36]
1695.3566528630486
15.79674033708923
7.442317151566269
4.642177383394372
3.2460213205453377
2.4136263248901564
1.8596677351066586
1.4678890464786725
1.1823833348009982
0.9730607491078285
0.8207088600436963
0.7053003277987118
0.613942217642204
0.5372459400952132
0.47202632844059744
0.41714184613588046
0.3713508847085348
0.3349061044836982
0.30669542813602685
0.284689746729946
0.26706181313318605
0.25369910205538243
0.24507492298477507
0.23811472309903867
0.22992575648887897
0.2191624316127726
0.2107640106784915
0.205759430907473
0.20449588461215373
0.20102857330160645
0.19857305516585894
0.1975162609805806
0.196369842297985
0.20246097033288946
0.21066407904445045
0.21474922622593395
0.20673601242123035
0.19692715189813675
0.18847325981105095
0.1816201503678512
0.17396900641786833
0.1696143096297682
0.16607693095207882
0.16563731173181573
0.1682225893115849
0.16553466571485198
0.16462521328236343
0.16256814771009237
0.16433282948367559
0.15962422007132515
0.16626799190348707
0.1510005357851587
0.1477254426358121
0.14506725639084783
0.1308243734603027
0.11632871717066773
0.10461636180650115
0.09910106195664013
0.09410002890503484
0.08811546920041752
0.08165959731963109
0.07608600791942392
0.07047493658453928
0.06498785824321654
0.0583208468390264
0.052982941662961414
0.04809488672286561
0.04385273331540957
0.039159428129632315
0.03523210864719836
0.03265288806577913
0.02947602952784529
0.02919586409961189
0.028824116582863293
0.028396720872445227
0.024906220631848774
0.023040721995546812
0.01952653262109588
0.016921878134514064
0.014769263087207085
0.02874553613024479
0.0529611985292439
0.04621859158914178
0.03963843753181258
0.04165728140199846
0.035285592445217014
0.03903951327256996
0.04978385886433812
0.04353702491659626
0.03743055348795666
0.031459766347612134
0.02562019087867816
0.01990754890473825
0.029949911483586705
0.02431274619622515
0.018794245581165266
0.013390701753655058
0.008098559715643983
0.0029144095562373736
0.0
0.0
0.0
0.0
0.0
0.0
0.0
0.0
0.0
0.0
0.0
0.0
0.0
0.0
0.0
0.0
0.0
0.0
0.0
0.0
0.0
0.0
0.0
0.0
0.0
0.0
0.0
0.0
0.0
0.0
0.0
0.0
0.0
0.0
0.0
0.0
0.0
0.0
0.0
0.0
0.0
0.0
0.0
0.0
0.0
0.0
0.0
0.0
0.0
0.0
0.0
0.0
0.0
0.0
0.0
0.0
0.0
0.0
0.0
0.0
0.0
0.0
0.0
0.0
0.0
0.0
0.0
0.0
0.0
0.0
0.0
0.0
0.0
0.0
0.0
0.0
0.0
0.0
0.0
0.0
0.0
0.0
0.0
0.0
0.0
0.0
0.0
0.0
0.0
0.0
0.0
0.0
0.0
0.0
0.0
0.0
0.0
0.0
0.0
0.0
0.0
0.0
