The combination of impact cases are [97, 8, 49, 29, 5, 94, 77, 56, 64, 44]
2395.663318705653
22.733534501621918
10.938036756920484
6.999197531549199
5.034579248316882
3.8607506574828685
3.0864564734831075
2.5377782659177575
2.1309617761866035
1.8175210880997081
1.5692209570269668
1.3686653375939508
1.2038224780985145
1.0687544044789803
0.9563585580190137
0.8580318889494017
0.7731905699059158
0.7003979183672095
0.6376278348581534
0.5820934107363737
0.5333716157744172
0.4897661036845655
0.5011629918511349
0.4622139847129544
0.42804639926138155
0.3966208028732235
0.3668081459274361
0.33992346700226295
0.31553724037169306
0.33211895613452347
0.31374495267828506
0.29526923529781035
0.2764351338614147
0.2605370060764473
0.251425390339782
0.23606293339446138
0.22307306081210138
0.21206716790145805
0.23247733216065755
0.22432014272886822
0.21613535587343566
0.2095670314636155
0.2040286521124611
0.19970553772542163
0.19889553812803126
0.19967381561613598
0.19879646143953564
0.19552820009950972
0.19095513681200016
0.18716918881579556
0.18232276451276502
0.1764681536978307
0.1718663705698551
0.1665729791074266
0.16209970135247725
0.1601565341482299
0.15927387420538552
0.15634523533383554
0.179388813150204
0.17790596217444968
0.21406473369226398
0.21399845611327392
0.21478072581398147
0.21151586917690954
0.20614161466969078
0.20015390665421764
0.1975667667487781
0.1924534801822136
0.1880948725435961
0.18405695355050564
0.21810142600741916
0.22424328499669094
0.21642023590059892
0.205174902827185
0.20378684985598905
0.19872484992554684
0.2549651270808136
0.2390767068293361
0.23017781662516001
0.22012948155573225
0.22095919309901677
0.21506683459864662
0.21020034917063088
0.20193613858867746
0.19413134385047923
0.19207104709057995
0.199797361860096
0.1884956826102614
0.19043208807726594
0.18627599332516936
0.1820305354358877
0.17101041379368961
0.16503881817772895
0.15865795410876887
0.1660473149159966
0.15895586157968114
0.14644656896725267
0.1275933336818319
0.18700206594521399
0.17194451769553964
0.1512504902130959
0.14461665808815571
0.13603246374409514
0.13000241355957062
0.12957689397511196
0.12216270682912875
0.11091864182958679
0.11454858882732855
0.10726611872513511
0.0952063508090564
0.08325709757760999
0.0785219437552927
0.07288660534764693
0.09884142144380584
0.09353142052536631
0.10400642874792335
0.10601526496454437
0.17753084826478388
0.15060490271100774
0.12778013857511555
0.10308189727009094
0.08570249153023522
0.13680593817082914
0.12226077476436711
0.11321101450116855
0.10430603881883552
0.09554240073902605
0.08691676184109669
0.07842588802189943
0.07006664545278027
0.06183599672316511
0.05373099716076181
0.045748791319011536
0.037886609622990806
0.03014176516548471
0.022511650645447454
0.014993735441519095
0.007585562813701846
0.0014818652624469688
0.0
0.0
0.0
0.0
0.0
0.0
0.0
0.0
0.0
0.0
0.0
0.0
0.0
0.0
0.0
0.0
0.0
0.0
0.0
0.0
0.0
0.0
0.0
0.0
0.0
0.0
0.0
0.0
0.0
0.0
0.0
0.0
0.0
0.0
0.0
0.0
0.0
0.0
0.0
0.0
0.0
0.0
0.0
0.0
0.0
0.0
0.0
0.0
0.0
0.0
0.0
0.0
0.0
0.0
0.0
0.0
0.0
0.0
0.0
0.0
0.0
0.0
