The combination of impact cases are [44, 50, 21, 69, 15, 59, 41, 22, 68, 47, 52, 28, 26, 46, 86, 35, 94, 58, 39, 84, 64, 56, 55, 24, 60, 27, 79, 25, 33, 54, 43, 53, 10, 82, 12, 71, 42, 13, 8, 74]
1955.152916319717
18.37372769811753
8.766663113543869
5.568606674761913
3.978450690337569
3.0298092088059714
2.4041571783976314
1.9637902839081713
1.6390516656439367
1.3919059236017342
1.1979204324906114
1.0452152831040522
0.9209876334144494
0.8165870614331431
0.727585272328317
0.6545827838719378
0.5926412637423953
0.5398185693464376
0.5077133273890606
0.468726681183832
0.43196153276603594
0.40019062900718944
0.39163185768102343
0.3660264396826692
0.3429435979698956
0.32372839768669703
0.31943362120376334
0.3073731306505846
0.28924475282724066
0.28161417862468563
0.2762930555576163
0.26342547591052
0.25176125139204836
0.24258924600220144
0.23176947478627202
0.221230669279868
0.21727828811760158
0.20643063051408905
0.20443878085658354
0.1960081195799527
0.19053310952144226
0.18231464635788427
0.18297896377841938
0.1755611783826731
0.1697464329751371
0.1653953542465029
0.1612948867889189
0.15614945803861086
0.1523474409682052
0.14933067833603123
0.14570076803245224
0.14201931483249616
0.13785520477254293
0.13343583071460755
0.12810804849025323
0.123065213926648
0.12169912818472643
0.11890564071137405
0.11897727040830701
0.11595150358224668
0.11887205866236075
0.11585054243030994
0.11536925458111075
0.11373739942415957
0.11248007346119283
0.10653624241691133
0.1032696071517152
0.11026913462429616
0.10748391380333562
0.10666802185652699
0.1095123746862792
0.10826134918196507
0.10622389562552917
0.10392848435742497
0.105072265118728
0.10289776823321545
0.10504824817025793
0.10366179393762869
0.10935870749807965
0.10702000426958598
0.10624953972125187
0.10332071335526122
0.10378043081315405
0.10501915772778875
0.10350890336197986
0.10458567467598143
0.10075346056653169
0.098926012186614
0.10161798177380191
0.10479364877088983
0.10603183304101976
0.10302099747006827
0.10245626805259425
0.10315510647868374
0.10167030011155191
0.09682425632513492
0.09258707764930865
0.08780974539080208
0.09016370572335139
0.09267255201519053
0.09449773824635169
0.09012769232688911
0.09638699079279425
0.09175330273415071
0.08583448310996306
0.08766625849252274
0.08160918727109606
0.08023657673244534
0.07970609885010127
0.07398959826262823
0.07024981108609188
0.06308280062815463
0.06237129813452122
0.05922907913381408
0.061521264632427006
0.06736596081778592
0.0696575763080704
0.07428424658502325
0.0731988399860489
0.07118284279281109
0.06517394928059886
0.059704650951173374
0.06136460504595467
0.06937688471875879
0.06238446686990064
0.05621714535637109
0.06303451728924048
0.056761997980500314
0.06563660957492956
0.06072480893538959
0.053385675952303
0.04776668820055052
0.058133287178054674
0.05413786270350063
0.05180090668219213
0.04534443169930746
0.039346232622274
0.03982977739319632
0.03401297309021802
0.031871599607678824
0.028114960250851855
0.04096611483424046
0.047383960468413
0.04482937636091408
0.05636118099786965
0.07711981945170006
0.06631836876989268
0.06765497254641335
0.06044157501287151
0.0533249951091441
0.04630329661172318
0.03937459458439259
0.03253705369125748
0.025788886575925155
0.04089376911903269
0.04753952926489785
0.0642075111761244
0.05742955112398142
0.050737382604408465
0.044129387011048044
0.03760398620017247
0.03115964123415898
0.024794851171498655
0.0185081519013434
0.012298115020688784
0.006163346752382955
0.005394896558288291
0.0
0.0
0.0
0.0
0.0
0.0
0.0
0.0
0.0
0.0
0.0
0.0
0.0
0.0
0.0
0.0
0.0
0.0
0.0
0.0
0.0
0.0
0.0
0.0
0.0
0.0
0.0
0.0
0.0
0.0
0.0
0.0
0.0
0.0
