The combination of impact cases are [4, 61, 20, 96, 38, 42, 5, 66, 8, 59, 30, 49, 32, 72, 28, 71, 77, 19, 54, 90, 62, 46, 94, 9, 45, 52, 95, 10, 34, 13, 17, 93, 3, 85, 40, 58, 69, 82, 76, 15, 80, 33, 22, 41, 83, 60, 97, 1, 74, 75, 67, 63, 70, 81, 64, 79, 44, 25, 68, 29]
1903.2277666058535
17.85923876869075
8.502607039497624
5.388502452162691
3.8398663528863177
2.918361599972481
2.3109059967772376
1.8830917172330561
1.567891258212149
1.326827725453773
1.136378329610393
0.9840569222212638
0.8601639171005455
0.7570570214526658
0.670569518170589
0.5998877984830884
0.5438326101240316
0.49417148076451206
0.4529349361924535
0.41913600397286627
0.3860135847716219
0.35752127863715
0.3324546161410672
0.3114280535231178
0.2925950158350112
0.27562468629555414
0.25931325502009056
0.24509391073858663
0.23335300378470167
0.2222912595690354
0.2133497905603326
0.20479881546411025
0.1978120226566998
0.19205297609739044
0.185143136704932
0.17834699355210035
0.17094670445655552
0.16358734272120976
0.15757910377711767
0.1517069635999178
0.14787030361298784
0.14201604774808863
0.1380596571309658
0.1337478771535803
0.13049555675277133
0.12774136483166892
0.12467677835603687
0.12115403316152104
0.11865897583014143
0.11623666913588532
0.11325183411486832
0.10953921339663733
0.10658339226159694
0.10396907118053171
0.09963349678708139
0.09594969186361546
0.0927490285190541
0.08947844920765272
0.08688060019454794
0.08461760415639345
0.08230895953047745
0.08118262407821047
0.07949671898169879
0.07728547532531509
0.07541958240422361
0.07326737428730884
0.07159210990260483
0.06999499692711052
0.06790140346835628
0.06666276688463006
0.0644149570140053
0.06299851155615377
0.06180888157938873
0.058912104274536324
0.058180923577010595
0.05696357661662045
0.054349524576106305
0.05249125086738037
0.05088633102019524
0.049669277369304286
0.048795818675214236
0.04739547077113219
0.046810312276981354
0.04549160997823688
0.04378341101648468
0.04360727727183684
0.04320602047044619
0.04100772249714648
0.0405782579426687
0.03980097204337747
0.03722464455451031
0.03549296099863224
0.03440576432888257
0.03276500368001034
0.03218018385063979
0.03165981813605137
0.030119023253513875
0.029311467225779028
0.02831883945621668
0.026860064488122382
0.02664976168057073
0.02552671357335514
0.02485160265576675
0.02429344033285979
0.022899104375402622
0.023537906460602734
0.023056753454730242
0.022264742108233225
0.02310117210236456
0.02144469265220386
0.020048170829177155
0.019148800074847854
0.01766354804527168
0.017598233334053477
0.016524210938366323
0.015490224777254981
0.015286899009672526
0.014619951899039304
0.013482917646335529
0.012843104727271171
0.011520651701278747
0.010971030512549442
0.010046610084104238
0.009750082246969343
0.009432162382892736
0.008666031295915713
0.008957375049799172
0.008338775068193643
0.007863608363408546
0.007371801945738005
0.006566447560575511
0.006027949372230381
0.005924562067582703
0.005844802144543756
0.0055350475229301675
0.004886770909365823
0.004436576739103531
0.0039297027817377685
0.0039085996867776395
0.003818083072174261
0.004108882388461296
0.003831684887719643
0.004279833326795217
0.004022202003350997
0.0036145072208086746
0.003684049058264984
0.003663521854200109
0.0035837900022955564
0.0031918323411643523
0.002723014820371038
0.0023820714284391573
0.002035193266363857
0.0019535274455218135
0.0016772996853873065
0.0014499726747707802
0.001448258236155834
0.0019078003031011378
0.0016833487807509503
0.0014617382370937563
0.0013557495432710907
0.0011389563255459303
0.0009248560240005385
0.0008072472195284975
0.0005978086547279461
0.00046633231396782816
0.0006427359103767092
0.0005262799517514999
0.0003339577782614719
0.00023276960854341091
0.00013277886110117613
3.3964406196417345e-05
0.0
0.0
0.0
0.0
0.0
0.0
0.0
0.0
0.0
0.0
0.0
0.0
0.0
0.0
0.0
0.0
0.0
0.0
0.0
0.0
0.0
0.0
0.0
0.0
0.0
0.0
0.0
0.0
0.0
0.0
