The combination of impact cases are [25, 34, 53, 49, 77, 90, 44, 87, 3, 67, 97, 14, 33, 7, 50, 51, 43, 36, 72, 62, 70, 29, 46, 89, 15, 100, 32, 64, 86, 68, 83, 19, 95, 66, 58, 52, 10, 35, 30, 55, 24, 12, 81, 61, 93, 78, 16, 5, 74, 71, 60, 31, 42, 48, 45, 23, 65, 98, 20, 9]
1943.9017464626925
18.260935486509194
8.703684738045142
5.523909240503225
3.944513418430488
3.0059092465904693
2.38756820351904
1.9517939282943222
1.6290985606461752
1.380664333594394
1.1835627809143507
1.0261679817768765
0.8991386215258683
0.7910821292082335
0.6995707071188969
0.6240895369544739
0.5656855158206998
0.5132555076908722
0.47598006064597703
0.4385132946559495
0.4039260133740055
0.3733451989406619
0.35856989178682813
0.3354626544281994
0.31470162597269086
0.29448922277132633
0.28714177006729424
0.28120745184201557
0.26801490451625215
0.260965921040303
0.2557636199807866
0.24577466505546886
0.23626249593138968
0.22840696409228117
0.2197746190709482
0.21174593970489597
0.20781446392709588
0.19996727878900014
0.19739888721619925
0.1906673754384351
0.18459850304474743
0.1773506024554742
0.17510696645489165
0.17257916456360264
0.17128596759422543
0.1663180212447593
0.16147727662689107
0.15641663018151028
0.15498032883530555
0.1495880970691061
0.1456844006486729
0.14455169267329432
0.14139076136363818
0.13807427968545966
0.13290981125600596
0.12905944167155028
0.13128703412565706
0.1260034030816034
0.125021915126921
0.12160071422884647
0.12399608944684579
0.12580354737278257
0.12673835797026525
0.12633888107318947
0.12193729979725859
0.11685902340041306
0.11633079450544298
0.12043990553838851
0.12022251947993946
0.11661166919044096
0.12031082888308707
0.11792441941643426
0.1145701180706845
0.11164408771201165
0.11030196441589853
0.10661333157586307
0.10689924006283295
0.10478943820406054
0.10472160176701496
0.10404169039822528
0.10351840047499215
0.10190784709747598
0.09800771483168653
0.09724276691364485
0.09598039100107619
0.0957968234756506
0.09496211427998584
0.0929572112154965
0.09313307131741488
0.09405253977648749
0.09342404996211483
0.0916633527768169
0.08936868566294531
0.08729948507576933
0.08724022088732264
0.08863264200317342
0.08359810282136296
0.07933529581352114
0.07863705983374107
0.07757137392762609
0.08432677218530223
0.08053674151716393
0.08376198244795797
0.07830747494667042
0.07494134575630097
0.07359628747670854
0.07028057680200941
0.07214964454461185
0.0707156697804533
0.06650919300671508
0.06141517833078698
0.059623517839116756
0.054111207840046
0.05320902111482347
0.05370433860505905
0.05671003501867839
0.05583677372649878
0.0579709885112161
0.05169437397783367
0.049600718036693164
0.04405751821366754
0.040566477364881774
0.037350219953349924
0.04008629438017788
0.04420915237513842
0.04152259145941179
0.043639445351709265
0.04639409389857531
0.05164173261638949
0.0465621217254127
0.040767973999471574
0.03626620720696465
0.043304289915381294
0.042870281790117946
0.03943164953878672
0.034268071921882116
0.029422646837047664
0.03245318985800874
0.030582798640375608
0.03282987567846429
0.034585696060481314
0.0454986907336572
0.04864591744253111
0.04489019231085259
0.05017935241536982
0.05172266686896164
0.04985103654475799
0.07265449466387176
0.062029168744333
0.05154645507744662
0.04238642189296848
0.03548365771548747
0.02867171340715669
0.023848275859815228
0.04089376911903269
0.04753952926489785
0.0642075111761244
0.05742955112398142
0.050737382604408465
0.044129387011048044
0.03760398620017247
0.03115964123415898
0.024794851171498655
0.0185081519013434
0.012298115020688784
0.006163346752382955
0.005394896558288291
0.0
0.0
0.0
0.0
0.0
0.0
0.0
0.0
0.0
0.0
0.0
0.0
0.0
0.0
0.0
0.0
0.0
0.0
0.0
0.0
0.0
0.0
0.0
0.0
0.0
0.0
0.0
0.0
0.0
0.0
0.0
0.0
0.0
0.0
