The combination of impact cases are [14, 98]
1812.2682509343372
16.95441675507267
8.050761173644673
5.087150574137341
3.6253006069955895
2.758075900057351
2.193991699979278
1.8056667268425097
1.519200961879183
1.2939762326775712
1.1123326978739898
0.9662648758911182
0.8486341952029712
0.7429092705035071
0.6540146755267624
0.5817571664517165
0.5791758208502689
0.5717595565661577
0.5122738091028424
0.46168226364909515
0.4064168841910178
0.3651388090441505
0.3356273703965734
0.3010211494815153
0.2767185753009225
0.23418172740695337
0.20509551285487404
0.18762046893916423
0.1716190162133303
0.15768104196924787
0.1452260190961113
0.1343859469725592
0.12476032144129662
0.11641235528949022
0.10932555720627374
0.1030598368926104
0.0974117640763481
0.09252431767241558
0.08766018840982019
0.08288843810652917
0.07820679754884159
0.07359525621592419
0.07001730466820667
0.06673850107065965
0.0636162542773774
0.0605309939939839
0.05830476618211649
0.056120408388475575
0.05454719022701586
0.053518206766407665
0.052544816812188665
0.05187409855124102
0.05199081647104861
0.052795076841896264
0.0554338325849995
0.05972794495271081
0.06582095630344538
0.0683450442646039
0.06734550159257761
0.06640173542519803
0.06387401367743299
0.06172669292624367
0.05898367908606382
0.057013764856242814
0.05478388042027716
0.05105081355837221
0.048650521938706455
0.048994102364926004
0.045668490623970145
0.044434250899887666
0.04313062301029359
0.04224942260193989
0.04146625260294329
0.04073069319299835
0.038481305257479434
0.03847647396904961
0.03725087372094585
0.036934726734720015
0.03555525839218556
0.036390374778017286
0.039788832087593436
0.038478333524123415
0.04047282602604843
0.03771344461041955
0.047538548162517
0.041097675971693365
0.03794430388528514
0.043279864902771
0.0418885673184434
0.035800615804295347
0.029847937070512393
0.02764717309316561
0.025667627479836364
0.02001589514294967
0.01795950866600079
0.02206198429385044
0.02566602121551753
0.020247342537999282
0.01493923785598911
0.009738356780790491
0.013996410179490947
0.008907840655334173
0.003919037222721639
0.0
0.0
0.0
0.0
0.0
0.0
0.0
0.0
0.0
0.0
0.0
0.0
0.0
0.0
0.0
0.0
0.0
0.0
0.0
0.0
0.0
0.0
0.0
0.0
0.0
0.0
0.0
0.0
0.0
0.0
0.0
0.0
0.0
0.0
0.0
0.0
0.0
0.0
0.0
0.0
0.0
0.0
0.0
0.0
0.0
0.0
0.0
0.0
0.0
0.0
0.0
0.0
0.0
0.0
0.0
0.0
0.0
0.0
0.0
0.0
0.0
0.0
0.0
0.0
0.0
0.0
0.0
0.0
0.0
0.0
0.0
0.0
0.0
0.0
0.0
0.0
0.0
0.0
0.0
0.0
0.0
0.0
0.0
0.0
0.0
0.0
0.0
0.0
0.0
0.0
0.0
0.0
0.0
0.0
0.0
0.0
0.0
0.0
