The combination of impact cases are [37, 90]
1606.306446234369
14.91471306732382
6.998031938949252
4.349696173228708
3.035848315257355
2.256906382948393
1.7460933949318758
1.391424673299833
1.1363174795554156
0.9463515001114715
0.8041335154657079
0.6892711379911303
0.5929615241056851
0.510442542646703
0.44356447804647703
0.3955357930850129
0.3633945927003849
0.339310036737664
0.3174280367571334
0.2963123606399112
0.2753738986482966
0.2577214491813887
0.24288475776095264
0.23138646678751407
0.22400101174127182
0.22177225047607424
0.22755817129901923
0.2360953864855796
0.24659663804479054
0.25219197860880194
0.2572761972099387
0.25934754366104823
0.2538326311765973
0.24700868754078995
0.24193119935507826
0.2410222578043294
0.24459232539890438
0.24195121242215406
0.2435362544448813
0.24011155944086
0.23542001642133162
0.22830745111705517
0.21693945883396398
0.2090119458863627
0.19654707889746756
0.18212907768374292
0.17054980078024662
0.15754938629891274
0.14528946081974584
0.13431828463612047
0.12146866060145398
0.10855961862531402
0.09969076877637288
0.08741506524574273
0.07824814287358174
0.07038912148960136
0.06291430992130186
0.05419037292092269
0.046568573908612396
0.03926834541958825
0.034065153603523225
0.03250872858960556
0.022881984030880397
0.019425458333402534
0.015292310547396517
0.01813203557636249
0.022313168208681868
0.026177701931242796
0.02435858746483013
0.032119853115392664
0.03496731017834062
0.043125441421166685
0.03558308011510094
0.02824733054042561
0.02110981767768426
0.032161039913340565
0.02515984222339754
0.01834047020919759
0.011695931472025887
0.005219587613859972
0.0
0.0
0.0
0.0
0.0
0.0
0.0
0.0
0.0
0.0
0.0
0.0
0.0
0.0
0.0
0.0
0.0
0.0
0.0
0.0
0.0
0.0
0.0
0.0
0.0
0.0
0.0
0.0
0.0
0.0
0.0
0.0
0.0
0.0
0.0
0.0
0.0
0.0
0.0
0.0
0.0
0.0
0.0
0.0
0.0
0.0
0.0
0.0
0.0
0.0
0.0
0.0
0.0
0.0
0.0
0.0
0.0
0.0
0.0
0.0
0.0
0.0
0.0
0.0
0.0
0.0
0.0
0.0
0.0
0.0
0.0
0.0
0.0
0.0
0.0
0.0
0.0
0.0
0.0
0.0
0.0
0.0
0.0
0.0
0.0
0.0
0.0
0.0
0.0
0.0
0.0
0.0
0.0
0.0
0.0
0.0
0.0
0.0
0.0
0.0
0.0
0.0
0.0
0.0
0.0
0.0
0.0
0.0
0.0
0.0
0.0
0.0
0.0
0.0
0.0
0.0
0.0
0.0
0.0
0.0
0.0
