The combination of impact cases are [92, 42, 18, 33, 26, 73, 10, 70, 11, 99, 47, 52, 87, 84, 100, 8, 77, 76, 60, 65, 3, 20, 2, 54, 50, 55, 36, 40, 80, 9, 12, 61, 31, 37, 34, 1, 57, 81, 21, 88]
1813.9281173111126
16.97489668994657
8.060489770295879
5.093578035163464
3.6201087056850216
2.7477570399312055
2.175647102491016
1.774279863910602
1.4770400054460815
1.2491030247036783
1.0688869350712513
0.9267652100211125
0.8137541861769922
0.7186528708335435
0.6376516356925042
0.5719385992307977
0.5175009664201191
0.4719724566460598
0.434980811997906
0.40486695100671005
0.3757817483494665
0.3481916968347345
0.3241962311977451
0.30480760099509857
0.2873367713666752
0.2709903796910151
0.25567262024828236
0.24287820285540107
0.23189829880008084
0.22133478644606658
0.21203875237964406
0.20229960794919236
0.1935791578531699
0.1870523365186341
0.18156289855114144
0.17394515934138136
0.16584978975329237
0.15873960873961904
0.15337687309335346
0.1484362529161763
0.1440664971098443
0.13801538395803822
0.13299907031942518
0.12865345490919813
0.12592293228648188
0.1221315763255531
0.11822944004715212
0.11494358187711906
0.11125403029689067
0.10812512365155852
0.10693653362949679
0.10273042921561878
0.10003888050962137
0.09751407990179933
0.09406035535628438
0.09048351371364548
0.08699405887284056
0.0839978538906575
0.08137210185395595
0.07933736806891326
0.07799751167635942
0.07636357346528544
0.07470984104068233
0.07206877771976487
0.06993011319544154
0.06805017205668767
0.06642788196343614
0.06503258960845174
0.06263581456823182
0.061030698761388
0.059008918196231365
0.05640050747656971
0.05490226041242565
0.05523251599695436
0.05468988532893231
0.053570428749392905
0.05419254278531247
0.05402589096492396
0.05304471656636888
0.0531901854396082
0.05342203341120512
0.05297170530571911
0.05193255139848739
0.05039166224197466
0.04817679947136183
0.046828088379606635
0.047166029135668655
0.04625511230492861
0.04479340630521668
0.043890454207443856
0.041683775668360415
0.04048947952630656
0.040096232321792144
0.03922249695869396
0.03684395633074874
0.03624131623658679
0.03474491275748707
0.033051649135229524
0.031313816812562796
0.02953190072051646
0.028518943612141273
0.02912854733761594
0.027708624802061738
0.02626495632940945
0.024765569389935592
0.02479560454518097
0.024039601423277386
0.022231723916235457
0.022616688501746265
0.020916768460295814
0.02068562284956067
0.01913551127889043
0.018926374112089497
0.017518340126593066
0.015928686729699507
0.014528421822674121
0.01379957673635235
0.013069090801616744
0.012855760382982334
0.011599801959622487
0.010512610960484238
0.009241123682223278
0.008148926708783217
0.00828707316301644
0.0073820738603845755
0.006789316854640713
0.006880245152147883
0.006405739810177344
0.00643058748041319
0.0061078543099050055
0.005414651978983515
0.004973247974782049
0.00659460842752492
0.006387185474733119
0.00577252139134536
0.005189189129309327
0.004668934860988917
0.004119658349704622
0.0037311470962125746
0.003683842866978602
0.0033949650900337936
0.0030724586125680346
0.0035537970351309746
0.003362203227068556
0.0028180590498934825
0.003855990972585003
0.003315918438494634
0.0033827486273206673
0.003022078750643575
0.002666249755457205
0.002315164830586159
0.0019687297292196294
0.001626852684562874
0.0012894443287962576
0.0010223442279758172
0.0011884882316224462
0.00160518777940311
0.0014357387780995355
0.0012684345651102116
0.001103234675276201
0.0009400996550043117
0.0007789910308539745
0.0006198712792874663
0.000462703797533585
0.0003074528755172196
0.00015408366880957387
0.0001348724139572073
0.0
0.0
0.0
0.0
0.0
0.0
0.0
0.0
0.0
0.0
0.0
0.0
0.0
0.0
0.0
0.0
0.0
0.0
0.0
0.0
0.0
0.0
0.0
0.0
0.0
0.0
0.0
0.0
0.0
0.0
0.0
0.0
0.0
0.0
