The combination of impact cases are [70, 38, 98, 22, 21, 29, 76, 24, 30, 79, 7, 35, 92, 49, 44, 50, 9, 68, 87, 13]
2078.4697855231498
19.592157364484937
9.354595199192588
5.930521683854907
4.2247218298031495
3.2082176685841377
2.5368459818645706
2.0656669826049585
1.7198386520148596
1.4574106014172268
1.2510879839570737
1.0866277232967574
0.9517625979518898
0.8396707724039214
0.7463914961214596
0.6677316264126749
0.6027762843838097
0.5489561225433814
0.5045855097221232
0.46537257322532444
0.43218912015498456
0.402645190692144
0.37358316099791355
0.348518339614299
0.324753345256273
0.3024237247250848
0.28464197213108783
0.26724763418914854
0.25181982286497034
0.23842657574335605
0.2286882321790298
0.21859723079099294
0.2088026840648577
0.20004244116102193
0.18972913955323212
0.1808415153419043
0.17188805810333593
0.16295911098429725
0.1566250701067071
0.15028806187028515
0.1483290674359714
0.14243007433864321
0.13965378580328291
0.13577859492502756
0.13345278400988417
0.13096512901455026
0.12584122790324812
0.12244332465011636
0.11890633865103617
0.11881705944205281
0.11661062789788999
0.11164530273510785
0.10815221622937479
0.10544516692583629
0.10111027339004287
0.09846010179228028
0.0956990862460937
0.0926853993926548
0.09034005535238152
0.08871501953793096
0.08700946154735748
0.084827446117402
0.0824155576122165
0.0803143298138386
0.0802945051249494
0.07654515788298395
0.07463376098771204
0.07584611994844928
0.0711219647888572
0.06839554548606211
0.06588571568595289
0.06515369195396269
0.06502849499663915
0.06618193077118475
0.06926411068630062
0.06822490238577367
0.06615825112503101
0.06678542793430953
0.06574911427862294
0.06474422686033973
0.06251297562574934
0.06139682484648712
0.060211965913688804
0.05718395905833482
0.05636648468016166
0.05666182606522846
0.05445143294869192
0.052183091131180234
0.054045896467701464
0.05181185871533911
0.04601619904853633
0.042526667681140704
0.0423043356270766
0.04128189668142352
0.038596222410078665
0.03713583942530131
0.036023940481497777
0.03443969425305139
0.030488764353047076
0.02639710136559254
0.026453307798024694
0.027069287346082924
0.023778587929406424
0.020770879747679653
0.02019998317822399
0.020979170251821937
0.019912667370977105
0.018813878738202613
0.01872264554340409
0.016992484689859273
0.01704560265261877
0.01464000314401813
0.012761096642864796
0.012098901177993004
0.00992192279881842
0.008384249842177867
0.008373844174990595
0.007614677945938117
0.006702766434286911
0.008246147028889626
0.0076605683381982485
0.006770885106289036
0.006554837181434371
0.007061597394444693
0.006198267042354077
0.005916375308740743
0.005728119435041543
0.004895680107281503
0.004290911684180315
0.003870084527574192
0.003455731136908951
0.003560108022600425
0.00483163785932787
0.004419400902308105
0.004013316276539458
0.0036132472736767466
0.0032190612059128064
0.002830629259254264
0.002447826353176125
0.0028223351933644647
0.002445059748719675
0.002073135349295882
0.0025641324930688035
0.0021965768514403757
0.0018341257947762167
0.002963197594528379
0.002600460813395918
0.0022426588908431282
0.0018896918027115797
0.001541462209874932
0.0011978753687438566
0.0008588390453267524
0.0005242634326826409
0.00019406107161099262
0.0
0.0
0.0
0.0
0.0
0.0
0.0
0.0
0.0
0.0
0.0
0.0
0.0
0.0
0.0
0.0
0.0
0.0
0.0
0.0
0.0
0.0
0.0
0.0
0.0
0.0
0.0
0.0
0.0
0.0
0.0
0.0
0.0
0.0
0.0
0.0
0.0
0.0
0.0
0.0
0.0
0.0
0.0
0.0
0.0
0.0
0.0
