The combination of impact cases are [27, 50, 10, 20, 6]
2750.6700962356003
26.246243693094282
12.693886397837634
8.149560846474154
5.87580181005711
4.512455761744701
3.6070831386969435
2.9629617660816168
2.482598057938376
2.1130235825148964
1.821527062400002
1.5862504531185042
1.3949877263548633
1.2369941689635098
1.105785229920783
0.9953903736141825
0.9025527657041962
0.8234333342264549
0.7567259457878154
0.6982117974400793
0.6456753318583495
0.598779660882235
0.6994006088940422
0.6586393748480127
0.626318188523936
0.5935474353769586
0.5564878945597707
0.5234621287029817
0.49336319021715314
0.4639217718910187
0.4385313645230352
0.4149637958622664
0.3955705646542191
0.3761796037262767
0.35892020880433195
0.3432242165947546
0.3280247544919631
0.31338396959573867
0.3002020851875105
0.2896595620429575
0.2785406981425244
0.2674332305246397
0.256159723297342
0.24362942812501862
0.23147052891832132
0.2218799216703936
0.21202623747126076
0.20536862917682774
0.1983868970210321
0.19204920572948547
0.18731542534444973
0.18349763362814767
0.17929287287542992
0.17332932977602647
0.16939923233650997
0.1660720862714789
0.16230863397328998
0.15982676911187282
0.15281255150289152
0.14778001561172524
0.19253762056473886
0.18769505019564936
0.19262877790822383
0.20577874158591264
0.19921723131978805
0.19333928757817567
0.18510106484611247
0.17472615694928714
0.16755229490163898
0.15939324373702654
0.16118236358134913
0.16078040099437016
0.1584360115852825
0.15645544776178172
0.15483413198933346
0.160204532889904
0.23767244224545844
0.23610596741055187
0.24861259073992112
0.24871235018482168
0.2519717435001014
0.24336569356409593
0.24257499342759792
0.2407364707126767
0.22962105334021415
0.24411838629341875
0.2303054798615709
0.22695917136623994
0.23615873723885944
0.23143767760934397
0.22228959153099276
0.23536309638389621
0.2220912006632436
0.21006800935233327
0.1942024996651359
0.2085900394619048
0.19958662471270552
0.19516484225303735
0.37654461864888467
0.35600495910769797
0.3257961188163217
0.31557800052028234
0.3187986948824748
0.3162936807973941
0.29765994991448974
0.2839254962650919
0.27896845813486393
0.27935907179541963
0.2727625751239614
0.2561849289593138
0.2531408147016194
0.24530253182708184
0.22751610644936515
0.21288320553793283
0.19757267840622206
0.20785428940417
0.20496174656155713
0.0
0.0
0.0
0.0
0.0
0.0
0.0
0.0
0.0
0.0
0.0
0.0
0.0
0.0
0.0
0.0
0.0
0.0
0.0
0.0
0.0
0.0
0.0
0.0
0.0
0.0
0.0
0.0
0.0
0.0
0.0
0.0
0.0
0.0
0.0
0.0
0.0
0.0
0.0
0.0
0.0
0.0
0.0
0.0
0.0
0.0
0.0
0.0
0.0
0.0
0.0
0.0
0.0
0.0
0.0
0.0
0.0
0.0
0.0
0.0
0.0
0.0
0.0
0.0
0.0
0.0
0.0
0.0
0.0
0.0
0.0
0.0
0.0
0.0
0.0
0.0
0.0
0.0
0.0
0.0
0.0
0.0
0.0
0.0
