The combination of impact cases are [69, 52, 55, 8, 23]
1595.9300616212588
14.824272441792662
6.987836931887306
4.379357462237398
3.106284751739172
2.363676316068192
1.8871629632919473
1.5516234849563528
1.303179965590951
1.1150458585251188
0.9659156493402123
0.8602733665580413
0.7877131791438791
0.717714776058274
0.6432201128120331
0.5914252892866014
0.5431434444453968
0.5027244964911811
0.4674478006363446
0.4458745491150179
0.4045518926610368
0.3667716544311608
0.4162866837259074
0.38678039984604856
0.3647116203616807
0.3354549305565651
0.3075991145807485
0.28343659696918916
0.26792237275021924
0.2585375313129166
0.2506478971030736
0.23883717682042693
0.22189013348020373
0.20840280643990958
0.20590598793982662
0.18761640618066916
0.1728584976410688
0.16027683172124998
0.1504897022750264
0.14229551663752013
0.13414220635940932
0.12750715569672277
0.12237359673378849
0.11756910115113178
0.11095443908920039
0.10754390027591258
0.10849064693474954
0.10387857610351024
0.10086303099618386
0.09915371020644481
0.0985734185823539
0.09489020969765713
0.09221847768491537
0.09250818647370054
0.08804119596260211
0.08310775223716461
0.0779477925821496
0.07482923141491518
0.07126686010483037
0.06679229950361078
0.08067232857740586
0.08290522006951706
0.08124568515448989
0.08110827502058231
0.08195626533885758
0.07937314536286683
0.083358158672453
0.0774317699375049
0.07196991669501884
0.08328134866887349
0.07737546885393569
0.07211833704389099
0.06659037352786422
0.06269355128286346
0.05997139430445331
0.05946485172898203
0.08805983668510091
0.08976388090382013
0.08879248030850465
0.08855308497900534
0.08652694972401097
0.08617191712242356
0.08380739608768936
0.08207402081070701
0.08183652301195332
0.07957577261680562
0.07659452741532324
0.07537467931052778
0.07357027699448504
0.07256135931657602
0.07122330907703137
0.0690201998365566
0.06904487578755594
0.06740465125949792
0.06494058180762152
0.06214293405260721
0.06010514353831745
0.057608805079752926
0.11013960376714498
0.10998973278221413
0.10376885370496564
0.09766111483770602
0.0898545417827076
0.08315307010599977
0.07837311033054375
0.07095411648246255
0.06590948795399541
0.061900646045046935
0.0563589546811594
0.052820278074853226
0.05111554271243327
0.046692892013563525
0.04640791594751971
0.04294540604545024
0.043134969944590346
0.04626108600334348
0.04995300290450588
0.0
0.0
0.0
0.0
0.0
0.0
0.0
0.0
0.0
0.0
0.0
0.0
0.0
0.0
0.0
0.0
0.0
0.0
0.0
0.0
0.0
0.0
0.0
0.0
0.0
0.0
0.0
0.0
0.0
0.0
0.0
0.0
0.0
0.0
0.0
0.0
0.0
0.0
0.0
0.0
0.0
0.0
0.0
0.0
0.0
0.0
0.0
0.0
0.0
0.0
0.0
0.0
0.0
0.0
0.0
0.0
0.0
0.0
0.0
0.0
0.0
0.0
0.0
0.0
0.0
0.0
0.0
0.0
0.0
0.0
0.0
0.0
0.0
0.0
0.0
0.0
0.0
0.0
0.0
0.0
0.0
0.0
0.0
0.0
