The combination of impact cases are [97, 65]
2159.2629279830617
20.391626668822223
9.755219288136095
6.192282657301986
4.419080363163259
3.376072695239484
2.7026008327827107
2.2318108977413775
1.8699373503948769
1.5724552241309806
1.3264746224204336
1.1231909446098676
0.9543432442675805
0.8138575967478481
0.6979263155350024
0.6027974385311669
0.5255379378798322
0.46110335554048915
0.4069959063162437
0.36253823673501817
0.32710692067566305
0.2982132630513946
0.27527954772816576
0.25912270550066197
0.24777051996747407
0.23817467199607256
0.22873221098994226
0.22160303334297873
0.2140511082551661
0.20742389344913303
0.20133072995007278
0.1960948552341763
0.19043145572263565
0.18471831488784285
0.1793752387814061
0.17435123723199758
0.16902450744359843
0.16480139840163055
0.1623015098095121
0.16021778628490527
0.15639337880019316
0.153091804696633
0.1494347951848135
0.14385533307584553
0.13748774585034257
0.13153415097451965
0.1267638595620455
0.11982097687800518
0.11217884915944852
0.10455232677449763
0.09676510344911668
0.08923090798364097
0.08439858822272914
0.07677719204850908
0.07289319092844587
0.06702898493768264
0.06457405689133351
0.05937423533026731
0.06341230999475536
0.06731656965234414
0.07320444855994872
0.09200882068533586
0.10745349666282664
0.10918044159318166
0.09801169336273229
0.09499977767285736
0.0951856656975732
0.08024872220394044
0.07489337626572931
0.08005718207184681
0.06605966969733773
0.06231014224764091
0.047557883743667345
0.04230117882439909
0.04783584640767082
0.03838190817431887
0.05607768839910428
0.04750168655360647
0.04048333399567469
0.033642638759943104
0.02697293952953529
0.020467903900886337
0.014121508330498184
0.007928019531153576
0.001881977196812619
0.0
0.0
0.0
0.0
0.0
0.0
0.0
0.0
0.0
0.0
0.0
0.0
0.0
0.0
0.0
0.0
0.0
0.0
0.0
0.0
0.0
0.0
0.0
0.0
0.0
0.0
0.0
0.0
0.0
0.0
0.0
0.0
0.0
0.0
0.0
0.0
0.0
0.0
0.0
0.0
0.0
0.0
0.0
0.0
0.0
0.0
0.0
0.0
0.0
0.0
0.0
0.0
0.0
0.0
0.0
0.0
0.0
0.0
0.0
0.0
0.0
0.0
0.0
0.0
0.0
0.0
0.0
0.0
0.0
0.0
0.0
0.0
0.0
0.0
0.0
0.0
0.0
0.0
0.0
0.0
0.0
0.0
0.0
0.0
0.0
0.0
0.0
0.0
0.0
0.0
0.0
0.0
0.0
0.0
0.0
0.0
0.0
0.0
0.0
0.0
0.0
0.0
0.0
0.0
0.0
0.0
0.0
0.0
0.0
0.0
0.0
0.0
0.0
0.0
0.0
0.0
