The combination of impact cases are [81, 66]
2087.815206593121
19.684190347883646
9.398516063306568
5.950015386678947
4.227428065647531
3.2103080471235517
2.5481133389326147
2.0851576540598105
1.7445639295899134
1.4795181487658877
1.2640582403161353
1.0852829854892603
0.9393359768742051
0.8198892545308492
0.7211254198606322
0.6398094551825093
0.5723232754431398
0.5156196820804874
0.4656035684962657
0.4228593834055796
0.3870031931383605
0.3568138240474328
0.33228905634045797
0.3112496385289725
0.2966274770806031
0.28494240426005996
0.276366009254973
0.27092629411005625
0.26685646707572747
0.26065901697380534
0.25440486985254607
0.24790574562112958
0.23883007225037908
0.22996408262315152
0.22200171357926254
0.2142372526008749
0.20593079161880612
0.19951153742848104
0.19577502378952613
0.19062420875006725
0.1873835259726377
0.18559371128539115
0.18577945693901798
0.18833366368632876
0.19161388920207695
0.193952672887303
0.1942572291595481
0.19161652200597623
0.1909481719153928
0.18785719538482817
0.1875426984270574
0.18880767032372833
0.18702809960401862
0.18313084074504876
0.17968190887844399
0.1730427425155493
0.16989632852105468
0.17323018181540079
0.16844926807587512
0.1659591547401749
0.1646342147635099
0.1625321889618299
0.15975227683699597
0.1600276425126747
0.15457330577107792
0.15666607645989206
0.15819446000624826
0.15649405092000984
0.1476746770539524
0.144985860077987
0.1368023726622912
0.13178447315009795
0.15965214912881937
0.14935621723182868
0.1388010280812553
0.12787592479589036
0.1154296077032573
0.10506472829850895
0.09400156285091502
0.08300483651818483
0.07447570070696143
0.0706668678502785
0.0675990060995895
0.0646819355146299
0.06069551879635963
0.05700963259863235
0.053836511822961605
0.049357573201349224
0.045833169401975925
0.042863009415250786
0.04045223747954425
0.03712224484374206
0.034650844977132
0.03137860209749479
0.02821299635124233
0.027681616623210926
0.027135229538492647
0.02541029204624047
0.021013692711456398
0.01795784659469394
0.0161360759234765
0.017516991218967194
0.017253822812318194
0.015125005209532817
0.012986927777246469
0.014615016395516798
0.030132997876509277
0.03151792001562555
0.03672583081337891
0.03180219235496745
0.026968066457887362
0.03505062634876353
0.030273815135833916
0.02558154177250698
0.020971581773669964
0.016441788020877538
0.027622224022923275
0.023113017786121258
0.018680232297013433
0.01432194114401984
0.010036282123929182
0.005821454588879129
0.0016757169238032854
0.0
0.0
0.0
0.0
0.0
0.0
0.0
0.0
0.0
0.0
0.0
0.0
0.0
0.0
0.0
0.0
0.0
0.0
0.0
0.0
0.0
0.0
0.0
0.0
0.0
0.0
0.0
0.0
0.0
0.0
0.0
0.0
0.0
0.0
0.0
0.0
0.0
0.0
0.0
0.0
0.0
0.0
0.0
0.0
0.0
0.0
0.0
0.0
0.0
0.0
0.0
0.0
0.0
0.0
0.0
0.0
0.0
0.0
0.0
0.0
0.0
0.0
0.0
0.0
0.0
0.0
0.0
0.0
0.0
0.0
0.0
0.0
0.0
0.0
0.0
0.0
0.0
0.0
