The combination of impact cases are [12, 87, 86, 88, 40]
1593.7126156342727
14.791816238216196
6.975752779021707
4.3978847985405904
3.115497552197577
2.3460769313468206
1.8351857474912256
1.4726140538051946
1.2040192599816701
0.9987926514714254
0.838787459859483
0.714017636692636
0.611545510633708
0.528360339347012
0.4621168008460349
0.4124336573121136
0.3782543729459621
0.3451861958613388
0.3170879358382337
0.29058849908824785
0.2692459030290001
0.25169608268498983
0.2969197061722842
0.2815345820573089
0.26887400305512893
0.26048226221088067
0.25062941208765094
0.24162171237910396
0.23029483509683824
0.21851820761791085
0.21013811043341354
0.20060525334018367
0.19402738657237856
0.18778435472895894
0.18573120949983002
0.18449248851244116
0.1827825984193155
0.18503499682252694
0.18539011330918145
0.17889831961296374
0.1801527302598323
0.16913443215370663
0.16055242268938544
0.1558255728407293
0.15140151619963385
0.14797948135908695
0.1468884927072107
0.14612115205026716
0.14539754275948708
0.14253694200921402
0.14155046440337238
0.14153478751108428
0.13905575163844774
0.13622450023861743
0.13385484393390762
0.1333910596530079
0.1310238000824946
0.12933734363854277
0.12777365046555883
0.1240375429078612
0.16263432722259638
0.15931171416063314
0.15940594352828286
0.157143516013591
0.15387156200515792
0.1468812202255392
0.14495663287021116
0.13989989154503785
0.13439727488304945
0.1308664476201642
0.12529273139460045
0.12219653056040193
0.11987964857276082
0.11861544367423071
0.11366481679282725
0.10783611174242302
0.1591256180057751
0.16466826840099746
0.1638055798223289
0.15967553086388742
0.14610212282526466
0.13795375711445335
0.13175814603435596
0.12841702518649759
0.12606933240296042
0.11285766837444604
0.11499564903614176
0.11170121734063039
0.12759296107563728
0.1271871622986806
0.10910931369008942
0.10202062907587771
0.10046716505544476
0.09181002029913951
0.10725972745305712
0.10152703069918072
0.09000751087788315
0.08437707138916514
0.14411802378991842
0.11236246366557415
0.11148642567871575
0.13839143527124162
0.10762590816715684
0.07745771194269041
0.0478696175561133
0.021068132632095237
0.00807756637205717
0.0
0.0
0.0
0.0
0.0
0.0
0.0
0.0
0.0
0.0
0.0
0.0
0.0
0.0
0.0
0.0
0.0
0.0
0.0
0.0
0.0
0.0
0.0
0.0
0.0
0.0
0.0
0.0
0.0
0.0
0.0
0.0
0.0
0.0
0.0
0.0
0.0
0.0
0.0
0.0
0.0
0.0
0.0
0.0
0.0
0.0
0.0
0.0
0.0
0.0
0.0
0.0
0.0
0.0
0.0
0.0
0.0
0.0
0.0
0.0
0.0
0.0
0.0
0.0
0.0
0.0
0.0
0.0
0.0
0.0
0.0
0.0
0.0
0.0
0.0
0.0
0.0
0.0
0.0
0.0
0.0
0.0
0.0
0.0
0.0
0.0
0.0
0.0
0.0
0.0
0.0
0.0
0.0
0.0
