The combination of impact cases are [52, 60, 78, 36, 89, 95, 85, 84, 75, 12, 96, 69, 93, 21, 34, 29, 5, 98, 77, 80]
2098.4721356558816
19.794126240050893
9.486259565869194
6.04830274285669
4.33555797215778
3.3166948766280306
2.6458881048372223
2.1720677218200874
1.822089578009508
1.5519536587633813
1.334304086624315
1.1601412546451715
1.0194400585461223
0.8991389942621013
0.7959680433142341
0.7148319516845473
0.6470875609233385
0.5887377013826554
0.566630924046782
0.5233581916331379
0.4792051391106022
0.44124530741502255
0.43163359396379514
0.40428165803220495
0.3792011205668691
0.3557862085801532
0.3521949208978837
0.32939868032445374
0.3122119592223332
0.314665445863148
0.29930458828446105
0.28535128638392715
0.2734392579512568
0.26395588058863084
0.25518527520080914
0.246635258556674
0.23782481932511373
0.2289351559700401
0.2352624759066788
0.22735619102403984
0.21865852066773583
0.21104740613175357
0.20580443624852915
0.19944248623700075
0.19515559841699676
0.19243357663365512
0.19167322653656652
0.18906552086026301
0.18690708957892885
0.18381047527662248
0.1806677621992771
0.1776258871552927
0.17525511465665647
0.17188029740659266
0.16724262067842843
0.1662134655871196
0.17468437906806142
0.17091469410152446
0.17969029956914595
0.1754482136897741
0.18372313957790973
0.1785127713327149
0.17504632939907638
0.17216438839862822
0.1681332114919387
0.1644064331481098
0.1608802663532302
0.1718982489527658
0.16333467227850643
0.16303373554579906
0.1741074975367691
0.1672945719887502
0.16496962618758124
0.16023276247537382
0.158768098695638
0.15458657207258555
0.16821833130525643
0.1626115885850433
0.1573521412076819
0.1542003164743078
0.15709377005726524
0.15690325239148809
0.15458049643611493
0.16755530075310696
0.16678726756369866
0.16044252850007573
0.16542932302077246
0.16655581401162545
0.16764518537971546
0.18914282607716562
0.18480353539060532
0.17672576775733623
0.17407305760257957
0.1697788163892357
0.16304616296937843
0.16180457548348728
0.15890530352944038
0.15121826487517498
0.17208392025710745
0.16553946024503963
0.16420787716108123
0.159773834852251
0.18781498119065612
0.1838097373916374
0.18240018036335282
0.1737214633550309
0.164865536013382
0.16099919105095084
0.15238071744496015
0.14880727088696658
0.14117852633632827
0.13497452292354148
0.13313214558993652
0.13987825732853457
0.1772091941398833
0.17523316098649552
0.16433332618504
0.20629200705923645
0.20150394330916357
0.1841814731979642
0.1679675674640945
0.16454526686513693
0.1541180861770339
0.15574174669327148
0.14959138285230109
0.13943716291930056
0.14298450861607162
0.13700141177556194
0.12662122023744427
0.11549361991379443
0.1031207129007324
0.09964377525555179
0.10551899796648109
0.10111374883144705
0.09762170051036052
0.08702281873461072
0.07962411524886549
0.10733490950041488
0.09800994243146448
0.10368453340378062
0.09223046206832995
0.08301154774894184
0.09673334218982188
0.08556815558324232
0.15410602345926633
0.16208554579137283
0.16810654962773525
0.15143115544418534
0.13509967132594064
0.11406014605377299
0.09823270723265734
0.07771596862611634
0.07310807665609949
0.05682265083582779
0.04610459136721412
0.039355964904452194
0.05026050700994387
0.04357137572107561
0.036966911621216916
0.037215585585217405
0.030733393332583347
0.024331720205873326
0.023639982000211193
0.017360367382333375
0.015681823817380907
0.032400807870219595
0.026181900546801706
0.0
0.0
0.0
0.0
0.0
0.0
0.0
0.0
0.0
0.0
0.0
0.0
0.0
0.0
0.0
0.0
0.0
0.0
0.0
0.0
0.0
0.0
0.0
0.0
0.0
0.0
0.0
0.0
0.0
0.0
0.0
0.0
0.0
0.0
