The combination of impact cases are [15, 69, 37, 79, 33, 14, 92, 30, 8, 96, 18, 77, 19, 70, 66, 28, 43, 48, 60, 44]
1853.1424252740221
17.36264060586284
8.250851033995545
5.205220843437266
3.683558267874891
2.779739137215476
2.188223276387287
1.7763650450410697
1.4752690089617984
1.2458400667723326
1.0660808180652865
0.9224781902320416
0.805869308655772
0.710790551996271
0.6316273630538409
0.5641614213742326
0.5144589682855333
0.4726785772386218
0.43086318673775514
0.39406715241988843
0.36078259594181306
0.3323939235088209
0.30830862839070194
0.28617649838767784
0.2674623176077377
0.24950393571802434
0.23475471629138253
0.22246105217758372
0.21195486617892825
0.20235713962597718
0.19421667966328443
0.18600274449516202
0.1780771746710036
0.17210025050077776
0.16775403066361588
0.16047125769151568
0.1538510684531275
0.14831093836840922
0.14430010005870236
0.14062089644794964
0.13642512240465832
0.13165931785769072
0.1274576049850353
0.12271722078602978
0.11959661930618198
0.11734803702800574
0.11526211883409002
0.11202131725029482
0.1084740332469041
0.1055484984393817
0.10354636907729706
0.10035077580984608
0.09793729567606377
0.09735883326831458
0.09392949038127182
0.09046718626371561
0.08803495762105791
0.0856293506455717
0.08293866096684505
0.08041140948639983
0.07743507816027076
0.0765525042622559
0.0723598304187644
0.06979344263843697
0.06898959939732711
0.06600273795079085
0.06415044635445734
0.06087574499836041
0.05553735231264017
0.05426362550674968
0.05112702979623788
0.04890204884274149
0.05048104106013527
0.04745683318656116
0.0474730555217254
0.04516651049997566
0.04407717152300627
0.04182301589053814
0.03911192005054291
0.03873071875873889
0.03678398037618721
0.03628780707117941
0.03578632452385473
0.03386412085515443
0.03336646947836905
0.03314505824635773
0.03403370932941907
0.03223332169456677
0.03269997476860303
0.030939305652706917
0.029917956538706634
0.02865809410568902
0.02831480307197186
0.026594008725578752
0.025780982141720733
0.02605410549968102
0.024831678361699642
0.025345417892293706
0.024774807225568917
0.022896943883091575
0.02246327313890713
0.022459211365115677
0.020671870660730264
0.020154418628357772
0.019472761524254478
0.020283549793414752
0.019423984789940316
0.01740958542450612
0.018842540090095658
0.017395334613843336
0.017566676457641442
0.01623838135918579
0.014983858649997482
0.014333235682584952
0.012104257146116121
0.01027334267852577
0.009263158369433205
0.008254936577035948
0.007799916146981344
0.007318696528279557
0.00698761572145126
0.007205981191152044
0.006885491006844868
0.007192506613826824
0.007434569953832268
0.006975130151223673
0.007076049067518571
0.00723736715798755
0.007003261797910373
0.006561410301305666
0.00632660056174666
0.006317293038913256
0.005890679200373788
0.006126559623093363
0.005939637516389521
0.00552530052424664
0.005573704851445953
0.005168086979402844
0.005000501536823183
0.004835974256885526
0.004444316703417585
0.004265484126395935
0.00461522695497561
0.004233328998440983
0.004106232960400776
0.003733112259939897
0.0036068237550858093
0.0034859205404994915
0.0033725801490597567
0.0030143989533684542
0.0029075720960206244
0.0025572140275428243
0.0029934109958497717
0.0026470714701803968
0.002305229568360706
0.0019677982452226098
0.0025130253504971932
0.0021785687860537807
0.0018483455810608459
0.0018607792792608702
0.0015366696666291673
0.0012165860102936663
0.0011819991000105597
0.0008680183691166688
0.0007840911908690454
0.0016200403935109798
0.0013090950273400852
0.0010018733347844156
0.0006983088256302327
0.0003983365833035284
0.00010189321858925203
0.0
0.0
0.0
0.0
0.0
0.0
0.0
0.0
0.0
0.0
0.0
0.0
0.0
0.0
0.0
0.0
0.0
0.0
0.0
0.0
0.0
0.0
0.0
0.0
0.0
0.0
0.0
0.0
0.0
0.0
