The combination of impact cases are [50, 5, 24, 21, 27, 93, 92, 36, 49, 14, 72, 60, 31, 35, 11, 86, 51, 38, 99, 29]
2128.1809038067954
20.085616689262224
9.621061042931691
6.125043708835212
4.38124596579557
3.340097691642479
2.6555551230793775
2.175024181202934
1.8183769373715721
1.54377198653658
1.3269822834263054
1.1544473115444351
1.0165988944421496
0.8994978631629329
0.8003401307740794
0.7159693131114779
0.650646230088917
0.596281192160423
0.5455766188065097
0.5015561490177154
0.46479768639414404
0.4309124492106977
0.4016440256949935
0.3749701499929808
0.34978412511950274
0.3240444237605405
0.3024782130750999
0.2843054241371124
0.2682709187925151
0.2554605749087803
0.24600453441768852
0.23733576955573096
0.2292134881775411
0.2226423298831393
0.2155010408460169
0.20724746187186563
0.19884674408446773
0.19178405745128096
0.18603780071725834
0.18060676988922666
0.17436913656927386
0.16820921171710426
0.16462616941944902
0.1599059159151939
0.1574434665771656
0.15345607402869677
0.14997791590850493
0.14627677693133934
0.14212403444569927
0.1378308150339525
0.1349457867633366
0.13089263509954405
0.1268422669617084
0.1229923500561244
0.12080284776444077
0.11837341762771916
0.11435091885965787
0.11119054221716512
0.10678600649678704
0.103756248527323
0.10161769268064534
0.09755673011442373
0.09305056195732887
0.08925078823452892
0.08547355737245367
0.08078773539569353
0.07754800696239257
0.07556214876166875
0.07145441466056794
0.06810398180911093
0.06397078550792581
0.06157615569002191
0.06011315398000883
0.060159480642645514
0.06107367928643923
0.060416013576711766
0.05968649784919795
0.059063157956078374
0.059225680386143634
0.05847588894825252
0.05861412930195891
0.06177059720276952
0.060080924212245396
0.05651099503452913
0.05474907638272797
0.05380684113328009
0.05450006906188195
0.054014333764856315
0.056375476974212795
0.05527921504533204
0.051497451630247104
0.05078570655104245
0.049535703530703516
0.04976442629277671
0.04976808980654701
0.04588386221612862
0.042637202454076456
0.0395431210672197
0.036778943308059114
0.03339524461699867
0.03202420381851437
0.03081632088186819
0.030124896977137598
0.029165742384184373
0.027881368615539893
0.02557521649143786
0.025408963995700484
0.025059899144916034
0.023845135489819952
0.022605747685615487
0.022812098174029998
0.02138606297915687
0.01944692917861042
0.019507030320110575
0.01815348204702222
0.018186599969266002
0.01726419568315217
0.016181048276962
0.01477285365300785
0.013980405057642989
0.0134145605761554
0.013076396670668601
0.012398865987567675
0.014043799568513954
0.01336485405420372
0.012625666210013715
0.012641814925729527
0.011990321594244398
0.011511692305082503
0.010259760736373994
0.009027088171801964
0.00889737865682164
0.01002894237320151
0.009456436585995785
0.010416773131706455
0.009228588756196613
0.00805787639555541
0.006904253478843388
0.005767348523330272
0.006132693251455039
0.005017539386060786
0.004035670648498248
0.005058107264006578
0.00432348655988325
0.00359906821256254
0.0043711650296287445
0.004798503726300953
0.004085637231709774
0.0033824034172372747
0.002688608349320195
0.0020040632656122426
0.0013285844037629925
0.0006619928369552023
0.00019406107161099262
0.0
0.0
0.0
0.0
0.0
0.0
0.0
0.0
0.0
0.0
0.0
0.0
0.0
0.0
0.0
0.0
0.0
0.0
0.0
0.0
0.0
0.0
0.0
0.0
0.0
0.0
0.0
0.0
0.0
0.0
0.0
0.0
0.0
0.0
0.0
0.0
0.0
0.0
0.0
0.0
0.0
0.0
0.0
0.0
0.0
0.0
0.0
