The combination of impact cases are [52, 98, 30, 12, 34, 20, 71, 9, 84, 99, 26, 100, 42, 14, 86, 53, 88, 18, 94, 19, 80, 81, 89, 22, 63, 75, 51, 25, 13, 3, 37, 29, 67, 54, 59, 65, 47, 1, 76, 83, 92, 5, 6, 74, 60, 77, 58, 21, 31, 78, 33, 57, 55, 43, 35, 17, 16, 38, 36, 46]
1969.2090047022075
18.512152722154468
8.831632397839519
5.606441248414728
4.0031443634637895
3.049691970833237
2.4227244518322375
1.9813273784385397
1.6542942129263893
1.4023482055055068
1.202331503871571
1.0428983280843571
0.9138400359836375
0.8043146389643488
0.7112302223556128
0.6347630354941386
0.5729142845910321
0.5208020497658127
0.48449877652649276
0.4471366863685187
0.412083108506266
0.38064410303888746
0.36614516070953274
0.3427131089711015
0.32216393638217844
0.3027318177019495
0.2953106839630481
0.29004523085080314
0.2763315342676216
0.2684689582671393
0.26265279746750325
0.2522412883078335
0.24373081689909948
0.23631378281367527
0.2275364892162168
0.21994018803451165
0.21655246867796993
0.20863452460776596
0.20643187106080343
0.2010344247684583
0.19558782128133242
0.1887735041669203
0.18761618694154672
0.185151605863959
0.18406032128405828
0.1787994599942544
0.17351503817152697
0.16862375223707765
0.16779548560439608
0.16357263539077357
0.15975368553908
0.1575957942314529
0.15338774824136328
0.14910409955446105
0.14339197585949903
0.13991258709093501
0.14138719426613025
0.1374593138911313
0.13548471726550476
0.13089096183026694
0.13242341286932685
0.13295103379022932
0.13470055665035552
0.13475772017499965
0.13020854149598757
0.12484479861036321
0.1236244018003934
0.12723679556194673
0.12682004413419357
0.12358283917958159
0.12802528624960782
0.12263452828330954
0.11925704362905772
0.11754273322728247
0.11779680326827434
0.11494082821795676
0.1168969474229391
0.11385352428484653
0.11505032921355851
0.11769891302932724
0.12039082401879035
0.11769752640096046
0.11530223980941959
0.11548343303256395
0.11237983196452722
0.1105820972157285
0.1098152247988396
0.10806288741977628
0.10769182087707176
0.10841540055681508
0.10840724503270671
0.10786570138242564
0.10569460876171363
0.10265028224022804
0.10184739056059844
0.10469640147896074
0.10117729442539235
0.09685489416181538
0.09724236963417249
0.09652664178253165
0.10397631493692461
0.10056663337896803
0.10213749108345167
0.09602952959862264
0.09324440354999283
0.09416877110698138
0.08992437173906975
0.09229556244370252
0.09285198767443335
0.08621555549112142
0.08283864482193015
0.07672924825993083
0.07328154075999606
0.07051397120358238
0.06898517473678015
0.06951347035842395
0.06736346520258192
0.06857374541046087
0.06412348764985208
0.06275443424962175
0.056374653762882476
0.050184383023660205
0.044941890931625775
0.04715602108750612
0.04807354694667263
0.0441550150898071
0.04776747277300295
0.04791341450197915
0.051669080103253086
0.04812876598599169
0.04177612741521018
0.0379896182547525
0.04541619508790435
0.04628087841674951
0.040131645873508176
0.03755273449864137
0.03155809800662648
0.03342787043669477
0.03049454220334801
0.031832276342137845
0.03177449173708189
0.03897732104186469
0.03594951229869249
0.028705616706240507
0.030558053963765618
0.033361406364132165
0.026284073285402745
0.03142291652565452
0.024454313640436137
0.017579242771348525
0.011978753687438566
0.008588390453267524
0.005242634326826408
0.0019406107161099263
0.0
0.0
0.0
0.0
0.0
0.0
0.0
0.0
0.0
0.0
0.0
0.0
0.0
0.0
0.0
0.0
0.0
0.0
0.0
0.0
0.0
0.0
0.0
0.0
0.0
0.0
0.0
0.0
0.0
0.0
0.0
0.0
0.0
0.0
0.0
0.0
0.0
0.0
0.0
0.0
0.0
0.0
0.0
0.0
0.0
0.0
0.0
