The combination of impact cases are [48, 47, 44, 25, 8, 90, 88, 20, 42, 89]
1908.2094850313251
17.90475049810853
8.504182550646645
5.360321448353647
3.7937400853012777
2.8600432087371574
2.2436224683858503
1.8094088892930027
1.4894265291150166
1.2461220002626574
1.0591383196224702
0.9119107221513221
0.7924127488058187
0.6973543553300112
0.6196035154473186
0.5531749869040872
0.49760322414877317
0.45120288443334206
0.41306247791130835
0.38119585750921975
0.35358374250426866
0.32883365540537646
0.3405875507767606
0.32029508601542694
0.30589310570320166
0.29282919028005755
0.2786675186939142
0.26366054283762436
0.2526515296069386
0.2740599950736119
0.2667506872307308
0.25779082652914825
0.24601691514007362
0.23609316872236075
0.23161401270703186
0.2190836907607856
0.2094069556853538
0.19687311914616562
0.21477814005558996
0.20471272528750514
0.19392065939875922
0.18403390674340384
0.17576831596937406
0.16747311423695369
0.16252869901839662
0.1571937286577244
0.15121812578518468
0.14627490471968124
0.14102445062092234
0.1324729316581599
0.12871978060660275
0.1276746733835216
0.12499336580668449
0.12092938987128998
0.11299585410746725
0.11161855900041694
0.10368866775967286
0.105446357421585
0.1160229184930355
0.10894525210109407
0.12279540017782066
0.11437444872799465
0.11244559946302517
0.10656157401939899
0.09991118310875435
0.09238732774412557
0.09189286081816653
0.08943479551934878
0.08325264085394331
0.08407521055317159
0.10002256020131522
0.10980497409730447
0.1040513384874895
0.09763446910656393
0.09906941965347657
0.10301982985412154
0.12583300542978548
0.1179312830685533
0.11161040007341308
0.10912588602761705
0.10329681406001574
0.1003208908297567
0.09873890373467524
0.10149523986026968
0.09909953013263337
0.09453170408289092
0.08843481834506729
0.09141409967181569
0.08310281425453307
0.08295444747234552
0.0709229571773084
0.07559751852135443
0.06855601762768743
0.06602042506953357
0.06487644946868001
0.06805565089280996
0.05693123004779054
0.04820131479028258
0.065453110773487
0.056151566005976594
0.05720606219689004
0.054495970247002735
0.05320868899435226
0.04298435462019516
0.03295662315585449
0.023119877910285
0.01650587190945309
0.017674287986550158
0.029984908050212634
0.025123107246440617
0.020349694785213347
0.015662282007613253
0.011058565556353112
0.0065363236017020555
0.002093412266028586
0.0
0.0
0.0
0.0
0.0
0.0
0.0
0.0
0.0
0.0
0.0
0.0
0.0
0.0
0.0
0.0
0.0
0.0
0.0
0.0
0.0
0.0
0.0
0.0
0.0
0.0
0.0
0.0
0.0
0.0
0.0
0.0
0.0
0.0
0.0
0.0
0.0
0.0
0.0
0.0
0.0
0.0
0.0
0.0
0.0
0.0
0.0
0.0
0.0
0.0
0.0
0.0
0.0
0.0
0.0
0.0
0.0
0.0
0.0
0.0
0.0
0.0
0.0
0.0
0.0
0.0
0.0
0.0
0.0
0.0
0.0
0.0
0.0
0.0
0.0
0.0
0.0
0.0
0.0
0.0
0.0
0.0
0.0
0.0
0.0
0.0
