The combination of impact cases are [46, 11, 90, 31, 20, 43, 70, 25, 7, 8, 99, 21, 85, 86, 30, 23, 48, 94, 95, 57, 17, 74, 96, 14, 45, 15, 77, 38, 35, 78, 37, 51, 91, 61, 80, 32, 33, 79, 50, 64]
1921.6224029156517
18.039608793775404
8.584248843154992
5.433195512895213
3.8670409285088327
2.938533620280746
2.331417968102015
1.905690293991142
1.5905454153056264
1.3473853892067174
1.153412932090867
0.996519706999792
0.8690788608510481
0.7619692745785498
0.6726594857809022
0.5974377634072883
0.541312289412449
0.49023322533156305
0.4456903192234648
0.4083885485341959
0.3755562968050222
0.34653907060187306
0.32102652103722473
0.29944642668423327
0.2797141323114573
0.2603684332010322
0.24573746859849238
0.23271570545156905
0.22156976466459632
0.2131917590029633
0.20664554471495103
0.20052539925530571
0.1942363245570245
0.18782671151391747
0.18228948264133632
0.17522487529146724
0.1693865209563356
0.16436949103975632
0.16081429384837073
0.15738258726800428
0.15415711498660842
0.1497824392801512
0.14599933134596682
0.1421350552298953
0.13819118777947442
0.13320040558674287
0.12900777979590164
0.12541941826161873
0.12235890063163067
0.1183650294619925
0.11545584777699518
0.11144210811456594
0.1086208730557899
0.10572431886610636
0.10260980841629429
0.09984373811576576
0.09692612758902566
0.0935205602493407
0.08972438900731197
0.08729757712996179
0.08400225153553127
0.08108122012350306
0.07712913910323477
0.07401250613415682
0.07215860692418195
0.06865126822000622
0.06605654135559727
0.06520366940885014
0.0614837580961297
0.058572936340079804
0.056608231882408516
0.053638811531620485
0.052916507937099205
0.05187658930308526
0.052761959113879806
0.0525797786506242
0.0505369559346217
0.048818644787061195
0.047287360057195645
0.04717771534361543
0.04639191086253454
0.04483676137590083
0.04470349150361634
0.04448243397046933
0.04397250904161334
0.04415479812225479
0.044147368327935005
0.043189716384769955
0.043700503837486984
0.04256694040853411
0.04059774658583772
0.041131475863406396
0.04019492294212645
0.038275371588590984
0.03825414682954103
0.037407555926312716
0.036108779827173906
0.03413245519712028
0.032905129319033874
0.030710975895052353
0.030974787614687034
0.02879667549189169
0.02721109247475033
0.025936373233480726
0.02432140016901217
0.024848990867530528
0.023070301793170826
0.021520815425588077
0.02353254271216198
0.022098320978603262
0.02026777774146267
0.019866648035063904
0.018533563421965445
0.01867249934205289
0.017375295827860453
0.015605508775379836
0.014238942126939573
0.013060977961026718
0.012386160225918694
0.011109885945738666
0.011192040487098404
0.010722650847123507
0.009953875504770183
0.00971252069939553
0.008990400800786051
0.008415245845188758
0.008697506131748654
0.007950202959960948
0.007340457962635986
0.006716384283218607
0.005995674445891228
0.005653128153337262
0.006296937456757256
0.0058513420107318935
0.005363969592539883
0.0047687250232864775
0.004410557695157816
0.003999358119328554
0.003724163944999654
0.003829154725124995
0.00344468822606863
0.003169309737845909
0.003589679724022207
0.0032149529249406797
0.0029701793775884964
0.0033481549272341383
0.0031036422842408637
0.00286428971567131
0.002631135975885668
0.002277930581621693
0.0020527237323822406
0.0017080265364347884
0.0017588372142662064
0.0014205662708956946
0.001152614784180353
0.0009838991226113049
0.0012565126752485966
0.0010892843930268904
0.0009241727905304229
0.0009303896396304351
0.0007683348333145836
0.0006082930051468331
0.0005909995500052799
0.0004340091845583344
0.0003920455954345227
0.0008100201967554899
0.0006545475136700426
0.0005009366673922078
0.00034915441281511636
0.0001991682916517642
5.0946609294626014e-05
0.0
0.0
0.0
0.0
0.0
0.0
0.0
0.0
0.0
0.0
0.0
0.0
0.0
0.0
0.0
0.0
0.0
0.0
0.0
0.0
0.0
0.0
0.0
0.0
0.0
0.0
0.0
0.0
0.0
0.0
