The combination of impact cases are [17, 54]
2496.3854904708387
23.73358302413263
11.445697488766783
7.325380515928158
5.263236135017582
4.026152415262154
3.206948245500121
2.6326716210851107
2.2102083123227043
1.8916648393232134
1.639086539941017
1.4335337287005188
1.261877721628629
1.118091727848546
0.997334857972947
0.895909372735092
0.8100070622805127
0.7376103891088553
0.6767841762894633
0.6249343825787481
0.579298332897124
0.5382557187039689
0.5013685044301519
0.46880067840664585
0.4389160802019323
0.4111208927070906
0.38585173670231343
0.36317280660905693
0.34219766876435254
0.3235574401729815
0.3064335844883063
0.29123888518235863
0.27734920285217574
0.2647581963456408
0.254517796177849
0.24551996025135048
0.2372777176066851
0.22920351121131766
0.2228184735231572
0.21708256438802165
0.21233206683166825
0.2076971389063826
0.2059213379215352
0.2025874714744811
0.20034959365241084
0.19842880089488837
0.19814628279023538
0.19570924183058858
0.19273038031346398
0.19035648291202384
0.18906771121614568
0.18836255541407
0.18709684268352555
0.1849001190400963
0.18350006188565451
0.17958646342591955
0.17620724247885663
0.17132157505903975
0.1669198384866663
0.16181584994342824
0.15650109308568588
0.15067218589598289
0.14634631970567064
0.14144523291239053
0.13716699464078885
0.1328229129381711
0.12889658334761936
0.12675118732611904
0.12219250120367323
0.12065137349605103
0.11532007548500732
0.11116628537146775
0.11042017008390889
0.11142969965596627
0.11113498969919686
0.11028191027719864
0.11103015000155995
0.11492605398820935
0.11356530841431614
0.1166236844005159
0.12214433283776541
0.12089796009911091
0.1282197057704927
0.13832590762485217
0.13119998962297197
0.13401317984530836
0.12977021239285946
0.1311165275140717
0.13082419467691636
0.12642078103355833
0.12119027398372348
0.11856960750350103
0.11510596311981419
0.1154412735671316
0.11691755700400491
0.11404297528145545
0.1080746763369763
0.10154844613919989
0.10396086630883711
0.09766382274006667
0.11024354417573229
0.10247194531060108
0.0987194103280473
0.0964167531108164
0.09093353462357699
0.09669403990621475
0.10027746935329812
0.09316702207086613
0.08627112930838127
0.07630625338575317
0.06962277543191422
0.07084895785709508
0.07100144577653497
0.08266893560587128
0.07317267272667212
0.07089767204255512
0.06571559478018901
0.06682433913668884
0.057784221056726134
0.048896024967217504
0.04015595313489556
0.03156033336101849
0.023105613836934876
0.02675164720453872
0.02250399261958104
0.02350726878193661
0.026186212521272612
0.022043340224211422
0.01796519524971698
0.02208161713379212
0.018065913610018195
0.014111513857077838
0.010217024712999867
0.01424669378628441
0.010409318277982723
0.006628788566201224
0.0029038507917461386
0.0
0.0
0.0
0.0
0.0
0.0
0.0
0.0
0.0
0.0
0.0
0.0
0.0
0.0
0.0
0.0
0.0
0.0
0.0
0.0
0.0
0.0
0.0
0.0
0.0
0.0
0.0
0.0
0.0
0.0
0.0
0.0
0.0
0.0
0.0
0.0
0.0
0.0
0.0
0.0
0.0
0.0
0.0
0.0
0.0
0.0
0.0
0.0
0.0
0.0
0.0
0.0
0.0
0.0
0.0
0.0
0.0
0.0
0.0
0.0
0.0
0.0
0.0
0.0
