The combination of impact cases are [4, 95, 46, 6, 11, 92, 72, 63, 93, 45, 25, 60, 70, 39, 61, 10, 19, 20, 53, 96]
2086.454414984881
19.672623679582134
9.420114802258377
6.0081989745886615
4.305370191436165
3.2847480043639297
2.6035960924081802
2.1215428083939187
1.766982040690982
1.4976352610070163
1.286772914770083
1.1189901570191376
0.9816031138187902
0.8684310166140724
0.7755327185948367
0.6985193896889911
0.6324949486852101
0.5760316643517519
0.5269059193749377
0.48444701234415877
0.446639224559189
0.4146988525062091
0.38771488970967666
0.3658436401364703
0.3467027745777349
0.33338173582551844
0.3133514190174651
0.29509152054463833
0.2785308227676811
0.26400831467153224
0.2506462217753768
0.23889886284410783
0.22978233720401114
0.22133035362621964
0.2130878765367219
0.20439371517168733
0.1962697747295955
0.18788634570529916
0.1798882688967727
0.17410461710229774
0.16725608120827187
0.16046834977330665
0.1550601524350695
0.1482619902121403
0.14196101574358455
0.13568058884703713
0.13041195503268116
0.12556330877448846
0.1220096162062905
0.11676817787954509
0.11176167617620608
0.10826929540098765
0.10616324656001144
0.1035898832023646
0.10147524942484816
0.09912216303424345
0.09615735566422583
0.09396702656822861
0.09219824983305254
0.08986222284004386
0.08883859164521316
0.08516702100436575
0.08383493650933874
0.08406008115970068
0.08055892704369999
0.07692486205565402
0.07376430796026266
0.07124027029174711
0.06965342937469164
0.06712710070809305
0.0650863715980941
0.06238105635506141
0.061623939048980836
0.060701339144226735
0.058911772665560275
0.05773172234817953
0.05656470034782897
0.05651694277448547
0.05618678461328886
0.05489295882556387
0.053636307772375866
0.052295258780938186
0.05167502152437494
0.050849581843477556
0.04988026289152987
0.04882991096410036
0.048790307022536436
0.049110015449173455
0.04762921766688515
0.04836685689813859
0.04590719884205728
0.04614137070027277
0.04468783872247973
0.04238854156878865
0.04203855319249469
0.041741812008210956
0.04025296426453914
0.03985527960256795
0.0403889147618509
0.03949195229168689
0.039345366891113544
0.037964302073971265
0.038164951688894166
0.036752425788889195
0.03556175056175482
0.03331574722864359
0.0330451444084225
0.031664837479010784
0.031798675961158235
0.030423870732598522
0.03026635548259073
0.028914681086191434
0.026810533964547974
0.025405478739814545
0.024107631887606763
0.02359623466250628
0.0231444291462403
0.02267292882315659
0.021439675260067154
0.020041705846915125
0.019076599893454366
0.018886843771907337
0.018159451756215434
0.01836949739850941
0.018594527473709724
0.01745531831387149
0.01650909702667835
0.016309568456513726
0.015398298734196065
0.014335948605223104
0.01313348022417732
0.01271305368341477
0.012598273549235643
0.012688018980483145
0.012541132453616724
0.011367090034075902
0.010775960668750945
0.009927034614305167
0.009369937489107347
0.009475021422600274
0.00888221454608287
0.008429633691470043
0.01014775284001035
0.009743306859022086
0.008883553522917623
0.009450498930192699
0.009742329057385014
0.009851737245164343
0.009019757462161023
0.007952582393853196
0.007146214285317472
0.0061055797990915706
0.00586058233656544
0.00503189905616192
0.00434991802431234
0.004344774708467503
0.005723400909303414
0.005050046342252852
0.004385214711281269
0.004067248629813273
0.0034168689766377906
0.0027745680720016154
0.0024217416585854924
0.0017934259641838386
0.0013989969419034845
0.0019282077311301275
0.0015788398552544999
0.0010018733347844156
0.0006983088256302327
0.0003983365833035284
0.00010189321858925203
0.0
0.0
0.0
0.0
0.0
0.0
0.0
0.0
0.0
0.0
0.0
0.0
0.0
0.0
0.0
0.0
0.0
0.0
0.0
0.0
0.0
0.0
0.0
0.0
0.0
0.0
0.0
0.0
0.0
0.0
