The combination of impact cases are [86, 69, 40, 32, 1, 2, 70, 71, 23, 7, 43, 96, 87, 46, 5, 34, 27, 10, 4, 37, 49, 13, 9, 20, 30, 41, 85, 67, 22, 94, 33, 59, 66, 88, 95, 35, 15, 65, 73, 78]
1908.3340692767015
17.907734645659016
8.516349848883376
5.3816880065155495
3.822300139331833
2.898600485901146
2.29112208391502
1.863561525591884
1.54878757286652
1.3086539094587066
1.1199981745824448
0.9693721601013033
0.8459689636132796
0.7436240275771109
0.6593146889641952
0.5904186439319163
0.5377678160025725
0.48943601079531707
0.46182225005610383
0.4276314336158003
0.3947152078956315
0.36617488313964563
0.35940633856426357
0.3387546125107326
0.3191468409590813
0.30134267056008185
0.3020585273206466
0.2946311489620722
0.28001786455383454
0.27479805210665237
0.2720078731112321
0.26161286333535777
0.25276816306964744
0.2439700898782304
0.23367843835202973
0.22533041193843997
0.2233084476706181
0.21426835911389816
0.21292309239864005
0.20522596901677195
0.20039310429845247
0.19218276919568508
0.19280494995218908
0.18758710129978848
0.18146603868453046
0.17695743712016856
0.17258209560826937
0.16855429015115195
0.16477294354213282
0.16332718033504598
0.16041473451747362
0.15522437740375936
0.15025182956632316
0.14637266975515315
0.14027186158776278
0.13520444935355547
0.13583220157238846
0.13083070466214775
0.13191188931455225
0.128621618082848
0.13520229130131156
0.1342045960420837
0.13144964206920498
0.13318047193798035
0.12950058396932948
0.12539031997447664
0.12242861547949502
0.1299343371426119
0.12479137135983295
0.1246779097203757
0.1250431026990514
0.12091636656882117
0.12187747117977492
0.12080072572553255
0.1193256046212813
0.11715763819855794
0.12088875297783815
0.12166782288024451
0.1250109493665195
0.12339682744042031
0.11993876591600175
0.11227421925507038
0.10730940814804506
0.11053871295350316
0.10557675578567638
0.10593757464671202
0.10457848514945921
0.10013021176966676
0.09837858611644243
0.1004488925370013
0.09933812654801738
0.09647980163607883
0.09671514517129567
0.09321415805647726
0.09413545934977342
0.09246189675302782
0.08731477922301786
0.08357071406388415
0.0850130721589167
0.08551018148962446
0.08859823896955442
0.08835181600018169
0.0937241483329089
0.08854947811381828
0.08123529919116346
0.08070680437050233
0.07602657664299031
0.0758315748403929
0.07196944010157579
0.06903951812982519
0.06530526374349416
0.060636210365506045
0.05661139255601201
0.05663468329269456
0.06035993643270148
0.06386157800143735
0.06438757499640128
0.06841215291741115
0.0648442848364903
0.06403916400526322
0.06003031802898989
0.05951478645558903
0.05502255158739815
0.060813490872292854
0.05842372851566656
0.052480453969933165
0.05988187924006477
0.056408977063701425
0.06211584129665515
0.05590727236418297
0.04927267638618587
0.0433791796890135
0.04463588503433765
0.04564572018343507
0.045388827104052364
0.04021432194269046
0.03700140349698313
0.039536759915924376
0.03586044285390777
0.031917328717322696
0.028160362747328957
0.04311398928178451
0.05102518712715051
0.05077598100386141
0.07118611105131299
0.08042531495092332
0.07544286144479978
0.08008758904297698
0.07527045847635327
0.06805436254407932
0.06340026388449085
0.05635834440655331
0.057228529322928795
0.0503189905616192
0.08699836048624682
0.08689549416935005
0.11446801818606828
0.10100092684505703
0.08770429422562538
0.08134497259626544
0.06833737953275582
0.055491361440032305
0.04843483317170985
0.03586851928367678
0.027979938838069693
0.03856415462260255
0.031576797105089996
0.0
0.0
0.0
0.0
0.0
0.0
0.0
0.0
0.0
0.0
0.0
0.0
0.0
0.0
0.0
0.0
0.0
0.0
0.0
0.0
0.0
0.0
0.0
0.0
0.0
0.0
0.0
0.0
0.0
0.0
0.0
0.0
0.0
0.0
