The combination of impact cases are [48, 95, 89, 37, 21, 71, 2, 39, 92, 73, 84, 47, 93, 4, 82, 67, 46, 44, 68, 12]
1935.3522074868915
18.175276506152873
8.654148422665637
5.480314157166254
3.9020528053564
2.9616280177995935
2.3374812420688516
1.8978046244119653
1.574424975892664
1.3288443090500734
1.1376688550517298
0.9864565285827122
0.8609381011550875
0.7558748768726602
0.6686092939980629
0.5966160089477262
0.5354374272023815
0.4831848535202012
0.4625889733220091
0.4235926217992402
0.38977556372123157
0.36127534820702034
0.35604429076269156
0.3352363983220721
0.31673446839030345
0.3058594604540448
0.3065054407754939
0.29052518422802875
0.2770622006812191
0.2804874406037451
0.26848741890548344
0.2588676687394156
0.24961528413167075
0.24424153029352055
0.23760186632314478
0.23130897474232986
0.22280979659220596
0.2133756694612254
0.21976661440352843
0.21047238098080195
0.20410484780131388
0.1957545276117048
0.18804937784453238
0.18348034480564557
0.17992490980328985
0.17497673757278936
0.17079422717658038
0.16547357006299135
0.1604821861502874
0.15356012464701663
0.1478375506777903
0.14493045685293793
0.1400057409698055
0.1358100391642883
0.1286752762110123
0.12524617100244692
0.1278391415561526
0.12493549412389686
0.12881586630752428
0.1233798146666174
0.127767655885133
0.12035674364763689
0.11624263399352718
0.10963018844584912
0.10417278175833711
0.09656313235931849
0.09203335514864522
0.09661711269682312
0.09268621429137201
0.08793812855722233
0.08922983082222138
0.08961483929934702
0.08617380184131962
0.08174524446223264
0.08190353530652075
0.07812182920277365
0.08504990070760038
0.08612279322339504
0.08629865065979946
0.09288964227731217
0.0984286203841781
0.09500339370443628
0.09568591798079835
0.10460505940321685
0.10232160525861339
0.10458726416289871
0.10539546832357416
0.10221567859001508
0.09804586494761583
0.10764189125251117
0.10199987140872298
0.0962909128070274
0.09932718899605997
0.0958667909619548
0.09070125897303512
0.08745475044820625
0.08747099914052307
0.08589921740346126
0.1018895849051501
0.09785518971979731
0.09886043737267192
0.09813381168488185
0.11367608483583325
0.11040319312990218
0.11101682769537272
0.1057580074320624
0.10454655826508018
0.09804340760171548
0.09317884464180223
0.09105341971690997
0.0917929510292109
0.08540731270182825
0.08368623330633188
0.07961986583127889
0.09978915283604808
0.09654317649736383
0.09043798290783958
0.11498578487253051
0.11273756325212403
0.10453393398006708
0.09633944004776562
0.0895242207061698
0.08691881324395546
0.09114649732228773
0.08620455784419515
0.08189029862437469
0.07765310623720549
0.07336198380350262
0.06726668531941593
0.06176672005328669
0.05359991199260139
0.05278541222472473
0.06406571808840619
0.06027001801082463
0.05802411706776371
0.05018748190629979
0.04246608290589247
0.05565403970638644
0.048004927063232644
0.055324790834925364
0.04778729503415411
0.04035670648498249
0.05058107264006578
0.043234865598832495
0.07198136425125079
0.08742330059257489
0.09597007452601908
0.08171274463419549
0.06764806834474549
0.0537721669864039
0.04008126531224486
0.02657168807525985
0.013239856739104047
0.0038812214322198526
0.0
0.0
0.0
0.0
0.0
0.0
0.0
0.0
0.0
0.0
0.0
0.0
0.0
0.0
0.0
0.0
0.0
0.0
0.0
0.0
0.0
0.0
0.0
0.0
0.0
0.0
0.0
0.0
0.0
0.0
0.0
0.0
0.0
0.0
0.0
0.0
0.0
0.0
0.0
0.0
0.0
0.0
0.0
0.0
0.0
0.0
0.0
