The combination of impact cases are [83, 45]
2376.2043802088206
22.544704564488562
10.844235866460135
6.929527098282735
4.966812758912677
3.7900111420348432
3.012019888410342
2.465690393776437
2.0650740787409436
1.757583709324044
1.5113477454754107
1.309489355978791
1.1423318756175571
1.0000899127657248
0.8789042993958555
0.7766056061827298
0.6908164813134777
0.6184832500948442
0.5579191613013436
0.506249774509596
0.46267248058954097
0.42404422364636757
0.3905899574207926
0.35977315556714196
0.3318107741362314
0.30681212750179626
0.2848650909309829
0.26657131885147073
0.25226988350830776
0.2379348875143816
0.2245121340448138
0.21527152285748982
0.2102940592848752
0.19952533421678254
0.18817458838578272
0.17801677778847697
0.17056776229041906
0.16289804292038418
0.15631620476277022
0.1533235843207071
0.1519294351864398
0.14832562183897768
0.14812807266499828
0.14268490598424044
0.14115679676321133
0.1310961785260124
0.1251664861651648
0.12235850019626894
0.1314499773880095
0.1194472051352701
0.10740606934585033
0.10268583620370751
0.10121424077953536
0.09899633895823493
0.09666667658382054
0.09363223267941388
0.09140856176475147
0.089387056796585
0.0876732216827062
0.08509283390983438
0.08335990979512974
0.08121008946975755
0.0794285540938367
0.07901295399311357
0.07642698909973773
0.07419629914965209
0.0726847657995591
0.07155764472249433
0.07057735330299027
0.06965861550075296
0.06959303566778509
0.06880708804861581
0.06794078482582566
0.06642430776796164
0.06471998343384286
0.06380534962816901
0.06278788110506676
0.06359988632549009
0.06302047497263222
0.06168868515787205
0.061365886639647614
0.06119242671268802
0.05827359801979923
0.057355057767212385
0.055482066657171356
0.05493540260061071
0.05229014680436701
0.05108209425061892
0.04930861687137326
0.04850014434181039
0.05225977631697286
0.050909774125656254
0.048327057045409495
0.04962151595274464
0.04847710778654039
0.048298522139087544
0.0484453139130178
0.050979244322845174
0.05199163526993088
0.05004992169591352
0.05534734695083421
0.05362341055996782
0.05846810588626279
0.06263882385317213
0.061650842610683
0.06655979227440745
0.0640799293033062
0.06482178998763143
0.06654475827881401
0.06514754551395278
0.06390016147066713
0.06295182940864087
0.05792592255304253
0.05298896192934166
0.05177276897199745
0.055354612981694216
0.0551757757673664
0.05554986041093416
0.0508422097198318
0.05170233562079046
0.0471051992711354
0.04258404236666105
0.04341605063444698
0.0389983931397269
0.039869226357809776
0.03555061805288702
0.04445229941660449
0.040165610988345604
0.044960883912639964
0.04073670840841205
0.036577515220744025
0.032481816318577855
0.038263974008750284
0.0342171807451968
0.030230782873755063
0.026303438374014443
0.02243384469385035
0.018620737309081373
0.02355861571225571
0.01979227793922507
0.03444432619301017
0.030654209716888862
0.026917471403753005
0.023232991510309064
0.01959968139508401
0.016016482446022544
0.012482365052153135
0.008996327617223238
0.005557395613320338
0.002164620672599204
0.0
0.0
0.0
0.0
0.0
0.0
0.0
0.0
0.0
0.0
0.0
0.0
0.0
0.0
0.0
0.0
0.0
0.0
0.0
0.0
0.0
0.0
0.0
0.0
0.0
0.0
0.0
0.0
0.0
0.0
0.0
0.0
0.0
0.0
0.0
0.0
0.0
0.0
0.0
0.0
0.0
0.0
0.0
0.0
0.0
0.0
0.0
0.0
0.0
0.0
0.0
