The combination of impact cases are [22, 38, 15, 70, 91]
2284.8008332707036
21.636441885086352
10.385180991238288
6.614412841830196
4.73056252970464
3.6065160023093417
2.861448663265858
2.33276963326196
1.9404907154612663
1.6409593625587817
1.4063280624399297
1.2181009309744062
1.0645324453347693
0.9372973744641602
0.8317440469508924
0.7434244776948571
0.6695291979815523
0.6069883347371289
0.5538440907447153
0.5097462508750508
0.4719252535979366
0.43932026065283425
0.5113514519505599
0.47543936599355263
0.4428932610499515
0.4148427592107864
0.38983288918179415
0.3687217481613569
0.3514542823065462
0.33693537884450353
0.32733215666583587
0.3199784684881736
0.31642398211049994
0.3094433461021869
0.3013664137278827
0.29172917220367955
0.2810597239373448
0.27082572733980315
0.26163049826484297
0.2527790165630382
0.2446669970936496
0.23733295773772223
0.2328499999757866
0.2269261305349463
0.2225615294552927
0.21656661739466412
0.21148696045480703
0.20708564709061036
0.20243772977149016
0.19766245639027868
0.19316000058054042
0.18733835909063568
0.1835516660764032
0.17807862941173577
0.17247276271070613
0.1691132745751795
0.1655917344934108
0.15560952297591524
0.15130515714661893
0.14655463467623245
0.1858188045243626
0.17803946888611036
0.16657652485457025
0.16053091623125176
0.155086169629579
0.15145162303965182
0.14676689707409146
0.14900252700248487
0.14487036614890197
0.13922973822143347
0.13922084919760347
0.1402200514009981
0.13835446864062903
0.14767721128508401
0.15139897515714917
0.16078467927041035
0.2308137014232391
0.24852131004135833
0.23305946316036477
0.22458274062640418
0.21059310804417525
0.19672268329877768
0.20729089860360517
0.2088657302994136
0.20493501203746245
0.20651364970943606
0.20066241074433092
0.1938060518424437
0.19296887436708582
0.18238129732652478
0.17424688478223865
0.16182688147475863
0.17488847749999228
0.17277201515760207
0.16134004863141893
0.15368605085859297
0.14809882696524895
0.1382024102685429
0.25144933483184245
0.2543584172542899
0.2840422935519887
0.27360735950729786
0.2666650523651315
0.24884731225207934
0.21761139939145707
0.28385214129202085
0.25287532659715417
0.24444730984432328
0.22896432651942586
0.19934351822928492
0.17026122113186298
0.18055536061842603
0.15216008031827313
0.14097964075424244
0.1193286627492707
0.10090132031352489
0.10591969083877989
0.0
0.0
0.0
0.0
0.0
0.0
0.0
0.0
0.0
0.0
0.0
0.0
0.0
0.0
0.0
0.0
0.0
0.0
0.0
0.0
0.0
0.0
0.0
0.0
0.0
0.0
0.0
0.0
0.0
0.0
0.0
0.0
0.0
0.0
0.0
0.0
0.0
0.0
0.0
0.0
0.0
0.0
0.0
0.0
0.0
0.0
0.0
0.0
0.0
0.0
0.0
0.0
0.0
0.0
0.0
0.0
0.0
0.0
0.0
0.0
0.0
0.0
0.0
0.0
0.0
0.0
0.0
0.0
0.0
0.0
0.0
0.0
0.0
0.0
0.0
0.0
0.0
0.0
0.0
0.0
0.0
0.0
0.0
0.0
