The combination of impact cases are [52, 94, 97, 1, 9, 20, 59, 78, 90, 64, 65, 46, 51, 77, 48, 49, 67, 81, 91, 86]
1912.9269143857928
17.957761453913694
8.561229291705603
5.437652514375433
3.8896150392038873
2.9667256825548147
2.3615765689870143
1.931503712793775
1.611408501580417
1.3641082248029393
1.1680931653363456
1.0125945091367012
0.888792784029092
0.7828400492279566
0.6910042445292309
0.6180857951816324
0.5554297861440493
0.5012597372837608
0.4572046599621165
0.4240569252149863
0.38706881014099287
0.35405305478977783
0.32505846966280794
0.30249197659429705
0.2827534592985703
0.2628730565223322
0.2450064327864796
0.23096230153674693
0.21998277912850628
0.210467511915631
0.20348237523051008
0.19727313942673533
0.19233788477535968
0.18813678718136553
0.1806997808601531
0.17650786884243955
0.17250200406063443
0.1675976931230979
0.1635766499193911
0.1594206698231465
0.15497262637715675
0.1495793929589698
0.14543762851426525
0.1419171715532472
0.13795087839405284
0.13519112767718444
0.13147873537530275
0.12803382995651852
0.12375290540089189
0.12054052063260778
0.11902862527416386
0.11447937504100841
0.11179894222901557
0.10902889061981162
0.10410299344212619
0.10094363530844506
0.09839955637958159
0.09424063752939721
0.0916868477881418
0.09041048597892773
0.08762603345058574
0.08609284068573533
0.08519280232766316
0.08289552607000933
0.07742436432936872
0.07466854764990247
0.0729444459998577
0.07031796222620852
0.06737247799673632
0.06571851560710697
0.06292560736775733
0.061478731480136564
0.058002934219696184
0.054555289206097514
0.053712027274708606
0.0529734359468268
0.05160440239892364
0.048427008160183346
0.045990810181086715
0.044701972112843505
0.043005360382016286
0.041014856792389934
0.03969132289348365
0.03941294583416875
0.03806491467705422
0.03898548121818405
0.04015789484881958
0.03808079157800831
0.03815254632167425
0.036437303166695134
0.03414271826905647
0.035315714143510014
0.03376914499091893
0.031236095181621282
0.033082298460899696
0.03148251053602371
0.02939989315226645
0.025344435087436237
0.023396907073818793
0.020142241147881292
0.018406664272846932
0.01671675350234484
0.014035638645822586
0.012352230621194919
0.01079782621210341
0.01068297524862537
0.01073282572331587
0.009797475445715515
0.01005866862108077
0.008957083137049479
0.007899070371363606
0.010208585781921374
0.00943053591347006
0.00903443672743572
0.007639520175993375
0.0062688609334003095
0.006485045369046982
0.0051476806591903
0.004664390050854179
0.0035472326362001906
0.004015389487017101
0.0031558292105340435
0.0023103589311489346
0.0017188966036428967
0.0013018423628953356
0.0008914604561863219
0.0004875920310276701
9.008323776521714e-05
0.0
0.0
0.0
0.0
0.0
0.0
0.0
0.0
0.0
0.0
0.0
0.0
0.0
0.0
0.0
0.0
0.0
0.0
0.0
0.0
0.0
0.0
0.0
0.0
0.0
0.0
0.0
0.0
0.0
0.0
0.0
0.0
0.0
0.0
0.0
0.0
0.0
0.0
0.0
0.0
0.0
0.0
0.0
0.0
0.0
0.0
0.0
0.0
0.0
0.0
0.0
0.0
0.0
0.0
0.0
0.0
0.0
0.0
0.0
0.0
0.0
0.0
0.0
0.0
0.0
0.0
0.0
0.0
0.0
0.0
0.0
0.0
0.0
