The combination of impact cases are [80, 84]
2430.7898480154045
23.082639460764362
11.113655456997684
7.10395779630658
5.103487023152882
3.9173371238487604
3.139450909922109
2.589942005381025
2.180580659318467
1.8535935526511618
1.58281062387424
1.3588672738922845
1.1738199400034603
1.0203725553736105
0.8919136629141453
0.7848847468665047
0.6954260993310462
0.6216121702671736
0.5598452033427375
0.5074963873652812
0.46291955477510294
0.4247962668437684
0.392601959511122
0.364861028911022
0.3396981381757996
0.3179561041442053
0.29963871933288033
0.28474668494136757
0.271036436593887
0.258953004366532
0.24731367957108386
0.2380808705971335
0.23191015582188546
0.2249715629314507
0.21868012361936515
0.21379465773965262
0.20982696070404835
0.20459586601838503
0.20104799578029886
0.19674403419353884
0.19292668403224458
0.18760062611646014
0.18076891361240388
0.1751766485309384
0.1692309074953563
0.16354875395134313
0.15804115219577855
0.1538233736492202
0.14865290336401413
0.14482718169459277
0.13880690489528097
0.13344637354806227
0.1301896953556637
0.12451761764792987
0.12117921728785438
0.11736122924970627
0.11400818860441156
0.10902304844127145
0.1043715097811373
0.10070737345805457
0.0961136599491429
0.0906435893596701
0.09140170163364252
0.08402017411914237
0.07827813326709349
0.08204016983389527
0.0808129782240328
0.07630091622618372
0.06815621275714613
0.06373333455608655
0.05906442821906044
0.051078507228883185
0.050801970037179685
0.05010496271138669
0.04749781979648792
0.04578108150407758
0.04493978747786363
0.044078562266752
0.04355173040954489
0.043550715481637824
0.04311554712492608
0.042671363521683096
0.04336975026310029
0.04334498457986145
0.04413871220543386
0.04427304587202404
0.04884836502842256
0.04899077346454757
0.04719231325208007
0.05308781418686812
0.05731348033781778
0.05862356860363099
0.058879812405659836
0.05747564835427927
0.053836925198343384
0.05540536812439315
0.05229661244226469
0.049332469576214386
0.04644861398869578
0.04350901608049289
0.040683387163975064
0.04127780637712079
0.03597168145089863
0.037010595308685196
0.0390493601150033
0.03825172194591195
0.033174354533336746
0.02819188231539475
0.026725538938685383
0.02627049360171968
0.026504228463381064
0.021761374431385455
0.029696437520906904
0.025009273241841296
0.03198822325122827
0.02736264094587814
0.022816803184712256
0.01834866541058587
0.02899319599912213
0.024548248568010914
0.02017737742075266
0.01587874610704862
0.01165057838315012
0.00749115576463664
0.003398815197598813
0.0
0.0
0.0
0.0
0.0
0.0
0.0
0.0
0.0
0.0
0.0
0.0
0.0
0.0
0.0
0.0
0.0
0.0
0.0
0.0
0.0
0.0
0.0
0.0
0.0
0.0
0.0
0.0
0.0
0.0
0.0
0.0
0.0
0.0
0.0
0.0
0.0
0.0
0.0
0.0
0.0
0.0
0.0
0.0
0.0
0.0
0.0
0.0
0.0
0.0
0.0
0.0
0.0
0.0
0.0
0.0
0.0
0.0
0.0
0.0
0.0
0.0
0.0
0.0
0.0
0.0
0.0
0.0
0.0
0.0
0.0
0.0
0.0
0.0
0.0
0.0
