The combination of impact cases are [65, 30, 78, 38, 15, 98, 4, 12, 29, 9, 95, 33, 84, 26, 17, 77, 76, 34, 28, 87, 91, 2, 51, 68, 21, 74, 82, 47, 49, 62, 35, 88, 18, 54, 93, 41, 27, 40, 100, 39, 48, 22, 96, 53, 79, 73, 11, 37, 85, 57, 75, 89, 20, 6, 61, 36, 50, 90, 45, 81]
2029.1213335275768
19.10336067244118
9.117203612313215
5.786231503399766
4.1293871987295105
3.144528189261603
2.4934533211527063
2.0341993288955833
1.6941567508433164
1.4330269142222574
1.2266635483263142
1.0606359217805197
0.9244383916337238
0.8120561910089469
0.7195347045211733
0.6433890037908706
0.5795300103063622
0.5250751848356485
0.4790982805426845
0.43991052659965196
0.4063672641407004
0.3771525468811569
0.35147907934044775
0.32971741839987484
0.311089340967142
0.296393331388806
0.28009475009005996
0.2659109655442064
0.2538248302993394
0.2425939502219271
0.2337293969641064
0.22594368921945227
0.21902071343175733
0.21248715702865775
0.20579607186166107
0.19928013611741666
0.19204715597711214
0.18489841894149964
0.17905091349817787
0.17316879666784454
0.16886735918867746
0.16258893934881954
0.15730142593938393
0.15311419655948177
0.14942878499461362
0.1451307375957762
0.14079491550242956
0.13673274063363094
0.13304087581122356
0.12869677205597824
0.12545976556042077
0.12127967559179981
0.11837058478077592
0.11543038984191237
0.11109597305139776
0.10787863684422774
0.10379975246569757
0.10099445431994411
0.09760752439589711
0.09439401711832779
0.09170359152187899
0.08888692991083909
0.08656576057859422
0.084618186423402
0.08168236897891615
0.07834057505804416
0.07580213376131076
0.07402106564876387
0.0704516265605342
0.06886095463320883
0.06624333962874032
0.06405268593572919
0.06306614474810661
0.06167356142214964
0.062349275644868855
0.06175457803630819
0.06030519495155989
0.058666670317572174
0.057397240026734596
0.05790561068869478
0.058501534931006086
0.05812676224242172
0.05775897310427633
0.056022622723372426
0.05392962882843665
0.05300250266832024
0.053177528364817955
0.0511285938188564
0.0502150722051623
0.04893606659943117
0.04620572171752743
0.044926176355348776
0.04401025488431864
0.04248537747079053
0.04025758753089905
0.03967014378206421
0.03783194083952007
0.03634262358526253
0.033996179133892905
0.03183135969425343
0.031914418772170175
0.03139222553218456
0.02989193502782009
0.02897742879578188
0.027129117760504577
0.028081694745830537
0.026831816991245462
0.02517981606197924
0.02622337274448079
0.02442549399041031
0.02322211955886616
0.02258776113715872
0.021617962965577064
0.02097336332766329
0.019774038960605398
0.018505307991560114
0.017924449943249914
0.01679826991368539
0.016335090501085225
0.015052019586248326
0.014232324027397204
0.0132367555494571
0.011718132697543472
0.011449737785577641
0.010336449657567017
0.009312037900572397
0.009359453428517591
0.00851800353576208
0.007899405357048618
0.007343535496205409
0.006456432429225764
0.006018226108867841
0.006270960632896046
0.006054796361259969
0.006057442622681678
0.005271890128570981
0.00465010521971095
0.004024113486082077
0.0035892833533844853
0.0036562225027801883
0.003153952029826124
0.0027670515916313945
0.0032244447396607293
0.0028522718527747445
0.002568433724321105
0.0027014257631895475
0.0028017758271289207
0.002523852590736422
0.0022516611887656774
0.0019010024342295498
0.0016372117872109557
0.0012952661437686055
0.0012184679442683248
0.0009470441805971298
0.0007684098561202353
0.0006559327484075366
0.0008376751168323978
0.0007261895953512602
0.0006161151936869486
0.0006202597597536234
0.0005122232222097224
0.0004055286700978888
0.00039399970000351985
0.0002893394563722229
0.0002613637302896818
0.0005400134645036599
0.0004363650091133618
0.0003339577782614719
0.00023276960854341091
0.00013277886110117613
3.3964406196417345e-05
0.0
0.0
0.0
0.0
0.0
0.0
0.0
0.0
0.0
0.0
0.0
0.0
0.0
0.0
0.0
0.0
0.0
0.0
0.0
0.0
0.0
0.0
0.0
0.0
0.0
0.0
0.0
0.0
0.0
0.0
