The combination of impact cases are [51, 25, 94, 6, 64, 30, 71, 78, 4, 42, 75, 99, 87, 59, 100, 79, 84, 83, 56, 65, 76, 54, 60, 44, 31, 27, 2, 12, 61, 57, 5, 47, 80, 10, 98, 73, 32, 3, 66, 49, 72, 22, 91, 23, 8, 68, 95, 38, 34, 53, 55, 93, 58, 26, 37, 85, 81, 82, 18, 39]
2048.74447532051
19.299134661579668
9.226348923580066
5.871084597084066
4.202339739737273
3.2114250289577573
2.5572950357689286
2.094790211378349
1.7522897193826306
1.4887283661287867
1.2797338194188794
1.111934447006679
0.9741430539351077
0.858872253302387
0.7627181035522798
0.6822198266778703
0.6166337684797486
0.5581459250420026
0.5089142438134184
0.46727197054400493
0.4304721377363693
0.3981977732091732
0.37045342414001364
0.34664458248320285
0.3251477135708928
0.3075749845823208
0.28937539091302006
0.2733574995670177
0.2596460680806777
0.24712559845402657
0.23602732446092506
0.22573410271524733
0.2168508562227276
0.2097940101804499
0.20261951492143151
0.19547569207139825
0.18769480821428156
0.1797809494929824
0.17345416477481376
0.16709885759163776
0.1615747296582452
0.15516688494881017
0.1498812166711778
0.14515509119643352
0.14197881688431824
0.13855041502833795
0.13513866111762324
0.13132400579553258
0.12733724056676987
0.12310430634164857
0.12000123300225568
0.11571172126847155
0.11203135995020648
0.10848699894109079
0.1043266870171472
0.1007058285969672
0.09760082880070164
0.0949272400204725
0.09162836888320444
0.08858817496681726
0.08685081898945621
0.08565632545534921
0.08551408928205873
0.08426489370470162
0.08238022070582621
0.0806097113276128
0.07877771029213823
0.07729594711986881
0.07437549170669233
0.07322027895397484
0.07108544568199743
0.06940935145691436
0.06920685555435789
0.06650163246570207
0.06592780680126473
0.06380539305584838
0.061743924455676565
0.059065522223655416
0.05702950458099676
0.05573881173922041
0.05586416183757033
0.05504577813742341
0.05480497933474513
0.053001760213623995
0.051783423976873966
0.05043076657834969
0.05093377137446526
0.048738571420247075
0.047217370511496055
0.04725574869602206
0.04517040383415627
0.043930310301145824
0.04266247332677452
0.040725071181966666
0.03927930205418114
0.03794159779022938
0.03659716128031975
0.03553763051339558
0.0339391701837062
0.03253577210554467
0.032085498304873616
0.030926151496524033
0.030130836164849625
0.029215152957008727
0.02753691133549151
0.027968453321517543
0.026536853310513978
0.02546614035330638
0.027020732186130023
0.02489851378927708
0.023609016933535152
0.022434852439192417
0.021184181087673504
0.01984101246819583
0.019257312288948152
0.01863100042729124
0.01875427059820315
0.017828917864649796
0.017361710794906924
0.01615101605980388
0.015199659399512332
0.014140696277119474
0.013717008887352234
0.012866381412534315
0.011764213858624327
0.010333749622656515
0.010353774219323863
0.009283152400512976
0.0091983897110295
0.008437859050691065
0.0073011661357701985
0.006362415098747202
0.00718009277674469
0.006621592594192451
0.006413445099706263
0.005511767028595053
0.004659681426708497
0.0039078878437791105
0.0035879816145836974
0.003278312130868607
0.0034539275626633463
0.00303324604891048
0.0032430611628354077
0.0029926794873901723
0.002508967620768491
0.002586133343448082
0.0024925518272378997
0.0024218164887957255
0.0020676389581444333
0.0017182151692482204
0.001412880729765616
0.001182788590516249
0.0009557237802385562
0.0007949425286605076
0.0006815628186505448
0.0007923254877482976
0.0010701251862687401
0.0009571591853996902
0.0008456230434068078
0.0007354897835174674
0.0006267331033362078
0.0005193273539026497
0.0004132475195249776
0.0003084691983557233
0.0002049685836781464
0.00010272244587304924
8.991494263813818e-05
0.0
0.0
0.0
0.0
0.0
0.0
0.0
0.0
0.0
0.0
0.0
0.0
0.0
0.0
0.0
0.0
0.0
0.0
0.0
0.0
0.0
0.0
0.0
0.0
0.0
0.0
0.0
0.0
0.0
0.0
0.0
0.0
0.0
0.0
