The combination of impact cases are [71, 8, 50, 91, 97]
2094.296529218669
19.750599945302277
9.44014438718904
5.990235679149578
4.269808376103038
3.24546427761151
2.5695976880668536
2.093235787997253
1.7408411392179233
1.4700866922044895
1.2575447384159397
1.0896694043961268
0.9541965530993276
0.8482850583204299
0.7608502819431083
0.6812119263344748
0.6127196575378102
0.55514074918492
0.5065266742893573
0.4636291956632621
0.4263039266781226
0.392007381381251
0.45177327051471533
0.4179631739120029
0.3902618958249756
0.3645629129874889
0.3396332586961067
0.31638950272897504
0.29296598106111554
0.2760158002038096
0.2647662735315165
0.25218278315714215
0.23686749682007113
0.22559103544989761
0.2256591304247385
0.20971634368310849
0.19551794937573044
0.1833362603122853
0.1736747701714435
0.16630979126797704
0.15836579712778517
0.15207918773301335
0.14611494711023018
0.13918537298337785
0.13271563611219717
0.12618373060227006
0.12168229015452944
0.11590450085975601
0.11136546564039242
0.10895295760603294
0.10926253398401767
0.10993100194377296
0.10865414623831002
0.10848751778316447
0.10715182019818532
0.10391862523397534
0.10027709021991535
0.09622878222291956
0.09393426551668138
0.09136356538929129
0.11814012919101406
0.11950279492577447
0.10885033947113203
0.1050024822690267
0.1013140460049862
0.10156315589414619
0.09926248622585261
0.09218725947888914
0.09262869158279866
0.08153239440913973
0.07735048527210694
0.08309311258969354
0.07381175088474265
0.06650583140263513
0.06499439072192757
0.06374823830923299
0.09103667269387102
0.08692369087245244
0.0887638448734144
0.08504138473432661
0.08854916048979254
0.0850957764084642
0.09441942651711169
0.09008679782536694
0.08627700769032115
0.10229031422918908
0.10088053341647296
0.09349434070793544
0.10143621678620457
0.09445650885522452
0.08820058932906488
0.07939135073778548
0.07428272990256861
0.06634201720021232
0.0584937664418922
0.055499132240937575
0.058088736539591346
0.05233583752234568
0.10187447047823701
0.09985055766898211
0.1237918154092294
0.11266626536620228
0.10175884197719913
0.10495756822546297
0.09433399777153155
0.09856702990420273
0.08820416767684204
0.07803498570700755
0.08260951848347195
0.07267823223892948
0.06292749842051924
0.0922049161092192
0.08245395716596847
0.0728755662945719
0.06346520262832202
0.05421848322996775
0.0451311762849966
0.0
0.0
0.0
0.0
0.0
0.0
0.0
0.0
0.0
0.0
0.0
0.0
0.0
0.0
0.0
0.0
0.0
0.0
0.0
0.0
0.0
0.0
0.0
0.0
0.0
0.0
0.0
0.0
0.0
0.0
0.0
0.0
0.0
0.0
0.0
0.0
0.0
0.0
0.0
0.0
0.0
0.0
0.0
0.0
0.0
0.0
0.0
0.0
0.0
0.0
0.0
0.0
0.0
0.0
0.0
0.0
0.0
0.0
0.0
0.0
0.0
0.0
0.0
0.0
0.0
0.0
0.0
0.0
0.0
0.0
0.0
0.0
0.0
0.0
0.0
0.0
0.0
0.0
0.0
0.0
0.0
0.0
0.0
0.0
