The combination of impact cases are [73, 51, 95, 76, 24, 46, 45, 67, 17, 91, 89, 61, 14, 18, 66, 12, 7, 63, 59, 87, 23, 78, 84, 86, 58, 53, 5, 13, 94, 47, 3, 93, 32, 100, 68, 65, 72, 31, 10, 22]
1877.655686817047
17.605077656256913
8.378283384614718
5.31575045462736
3.7971471911331953
2.8962149648109876
2.301214987156591
1.8804874946371226
1.567971455067917
1.3263911674700766
1.1340283670802647
0.9803264279264103
0.8547251772496609
0.7479439721852824
0.6588704961111969
0.5846101758666403
0.5303416128425791
0.48101904003324697
0.4501640610169312
0.41344284588586805
0.3801537905516987
0.351955312728182
0.3460428117304518
0.32581974271764313
0.3065941362924931
0.2873669798773588
0.2879239465221304
0.2803264800100621
0.26689665485859
0.2623120180942722
0.259078100749503
0.24852057963676322
0.23966023299086558
0.23224195433788053
0.22311136181256502
0.21671149832999392
0.2164970034668158
0.20850958830528882
0.20872527218625928
0.20183272911695194
0.19740452293512636
0.18992661346322842
0.1904596220078334
0.183539053854645
0.17750247180196072
0.17212666196497423
0.16743478579256477
0.1626191629971594
0.1586873787916653
0.15311880838116895
0.14664499477432621
0.14180656762511756
0.13780071745311542
0.13331809906641068
0.1268652690625429
0.12343253307181265
0.12289005215511956
0.11972381144061262
0.11901305876976953
0.11437324139776313
0.11833896646393402
0.11468382808520368
0.1148909973192307
0.11679910140154046
0.11224861890948624
0.10832140972470349
0.10646737387776352
0.11444366226932627
0.11130228830043586
0.10979284432456791
0.11343819072051115
0.11000262568898446
0.11069671603484367
0.1072731619186943
0.10556159689296683
0.10113838387504664
0.10469555281917693
0.10069130745454265
0.10285669718873303
0.09849238380778357
0.09463234860470483
0.09378721651770663
0.09326329958047236
0.09444607804405368
0.09288719035211691
0.0925320243297546
0.0938689255916647
0.09014930563275796
0.09080468415383806
0.09617330125335391
0.09727507443342863
0.0965613706312342
0.09344395126933398
0.0911684505997807
0.09077413232195249
0.0875773144839544
0.08565852607068399
0.0837089909731639
0.08499094840177328
0.08635411884144367
0.09160835013082848
0.0893879121669815
0.09043942257008603
0.08578617840513247
0.08162768437167668
0.07954767474152717
0.0744659432892234
0.07033165921671437
0.06971859169404014
0.06521587299873144
0.06174627022278438
0.05941785618451559
0.056148263023229394
0.053955421805029886
0.056912235979849554
0.05919276132933798
0.0570836026876076
0.058162137315717004
0.05669279416480711
0.05427757303881436
0.05274877999785511
0.04994573509626437
0.04660796022282835
0.04792968942158746
0.04550095118664469
0.039818063878815396
0.038989933178415356
0.03448984741659142
0.03571649677502661
0.03391940094714005
0.029350352880109738
0.028652656173997832
0.02837401898243743
0.02937872305275741
0.02821246706913779
0.029618503496344394
0.026186727919443417
0.028113616852361967
0.025040623193730172
0.024625917348668404
0.02234949855836426
0.03300593228329221
0.03974425498821969
0.037243091658662755
0.04777320562516847
0.05717386670252801
0.061355053022992045
0.06365816704664853
0.05647177313101266
0.04938183440484741
0.04238642189296848
0.03548365771548747
0.02867171340715669
0.023848275859815228
0.04089376911903269
0.04753952926489785
0.0642075111761244
0.05742955112398142
0.050737382604408465
0.044129387011048044
0.03760398620017247
0.03115964123415898
0.024794851171498655
0.0185081519013434
0.012298115020688784
0.006163346752382955
0.005394896558288291
0.0
0.0
0.0
0.0
0.0
0.0
0.0
0.0
0.0
0.0
0.0
0.0
0.0
0.0
0.0
0.0
0.0
0.0
0.0
0.0
0.0
0.0
0.0
0.0
0.0
0.0
0.0
0.0
0.0
0.0
0.0
0.0
0.0
0.0
