The combination of impact cases are [24, 42, 54, 46, 51, 30, 12, 39, 29, 83, 72, 27, 75, 82, 13, 66, 91, 63, 71, 5, 88, 17, 21, 16, 25, 99, 79, 81, 52, 68, 58, 92, 62, 41, 31, 57, 100, 94, 84, 11]
2103.093663044412
19.83828631548474
9.49565597365857
6.052404220641703
4.343481368833862
3.325495189617904
2.654576176423469
2.1808326993680476
1.8288603471170468
1.5575256191344773
1.3406352932194734
1.1673284352493956
1.0263998606508298
0.9060377403685753
0.803371985165019
0.718967522304133
0.6467830025338736
0.5857465034098447
0.5481363781450416
0.503389670958506
0.4633139232901927
0.4271986301945126
0.41679997116799156
0.38932010305382386
0.36518240856306355
0.3443654138244247
0.3404328910008319
0.32896652652236263
0.31051665624958263
0.30282873664598814
0.2970519606101356
0.2833696927600087
0.2709018309339757
0.2607157398497574
0.24981177238337232
0.2395399744899165
0.2363953475045343
0.22644177878130908
0.22679316760223478
0.21934063658204297
0.214780530585148
0.20713991594771144
0.2082190488174541
0.20162054536243668
0.1963303353823567
0.19110028520849484
0.185924836482883
0.18069342870934893
0.1759946193034163
0.17230670242703303
0.16828885603437166
0.1632995658322368
0.15835805269174125
0.15357795312957884
0.14932273445068062
0.14556403215958824
0.14554623066350372
0.14306591613652922
0.14484076010113225
0.14123232534167465
0.1487090522107589
0.14582484005967955
0.14378744813161534
0.14483297840145348
0.14024785189209021
0.13606248802504958
0.13261303256523987
0.14075744415888408
0.13667006541584792
0.13416460690899498
0.13767369143913094
0.13399912726965624
0.1346161298002676
0.1294065782510182
0.12731841792013193
0.12162006113756596
0.12464453925314617
0.12152582912291748
0.12466622846522665
0.12153461390873817
0.1210132690551904
0.1194175096439575
0.12039529113717404
0.12308426924178521
0.12102776827567024
0.11740894312140523
0.11765664441839561
0.11498045111136246
0.11302753765502835
0.11964442503099977
0.12483646059905013
0.1236910847292007
0.12029073357868705
0.11900211760963252
0.11648808613829546
0.11284234802742799
0.11052053827739018
0.1068858102644843
0.11201773499783628
0.11369919350992312
0.12186511419758701
0.11843298998105786
0.1263792618152517
0.12259464583632687
0.12091297434341403
0.1201376009944619
0.11616884125083307
0.11309237285487825
0.11474144058980615
0.1071455246540916
0.10229698735280682
0.09917919912362742
0.09349814713238704
0.0884906276809653
0.08941462465007807
0.09525817084121671
0.091615378067816
0.09560432112096003
0.08868482438017437
0.08300638602604661
0.07949566490052919
0.07106337380901152
0.06359630003327472
0.06924560322027858
0.06374617018744975
0.059376947034446195
0.06769482403008384
0.0665686630234
0.0732726720930022
0.0679949964216871
0.05849832956267778
0.05285036386446312
0.05664705164159918
0.05803036519172063
0.053225935273401595
0.049409205375096944
0.040468128486846125
0.038616358577643506
0.03456898939226725
0.03013379922239118
0.030122060241566315
0.03950197732269661
0.03789994664428212
0.03064241260459729
0.037940939342846175
0.04564845839130634
0.038486973186112314
0.03142291652565452
0.024454313640436137
0.017579242771348525
0.011978753687438566
0.008588390453267524
0.005242634326826408
0.0019406107161099263
0.0
0.0
0.0
0.0
0.0
0.0
0.0
0.0
0.0
0.0
0.0
0.0
0.0
0.0
0.0
0.0
0.0
0.0
0.0
0.0
0.0
0.0
0.0
0.0
0.0
0.0
0.0
0.0
0.0
0.0
0.0
0.0
0.0
0.0
0.0
0.0
0.0
0.0
0.0
0.0
0.0
0.0
0.0
0.0
0.0
0.0
0.0
