The combination of impact cases are [20, 83]
2787.602834033682
26.615049816145802
12.88287955176531
8.281563299237261
5.976421349233556
4.591475098263023
3.6669853661347847
3.005437414223776
2.510500584081007
2.1280316064131397
1.8250611829002457
1.5804001602806976
1.3806233089693114
1.215743215153949
1.0772953387098023
0.9601113948219956
0.8597632224021854
0.7735471962725493
0.7010740820425716
0.638889336702282
0.5847782286095531
0.5370787870103927
0.49559174136025824
0.45906235772993703
0.42722933180895073
0.39852484314939307
0.3730274741499924
0.35084192153478283
0.3321372838056776
0.31504803395852626
0.2981148421628085
0.2829150337236035
0.2690911116952176
0.2569036774144904
0.24585134540359083
0.2368385977937829
0.22877423677408998
0.2228404073455667
0.2187252865923617
0.21461203540835116
0.21024498778319373
0.20570014741586348
0.2013724934251091
0.19606334491995087
0.19077876684826936
0.18706020920877214
0.1819487289823718
0.17811333582753502
0.17417383949307866
0.1700903178413567
0.16709335226069466
0.1653129207751481
0.1635572149655592
0.16015510895827778
0.15754750342884077
0.15473694293935833
0.15330182852300997
0.15090002756559917
0.14881828741880662
0.14366934958338967
0.14022254106657944
0.1367767244010059
0.13513103879161026
0.1325521772809119
0.12590096340129828
0.12241554249196432
0.11888829697010747
0.11341447044693469
0.11098916676835169
0.1063797143789666
0.10626319133723816
0.10321838110720416
0.10008510810820062
0.09864767694923768
0.09667544450978363
0.10490132855300224
0.0997059258391367
0.10046891496800764
0.10447379977671806
0.1101642259550642
0.10738287661539944
0.10531231612273209
0.10088567532155437
0.1063384768073564
0.09793074678798774
0.09879404745698814
0.08982558922271838
0.09140499569437574
0.08349218303079953
0.07668232230711705
0.0745739154529146
0.08776665467511788
0.07934917096480994
0.07493432860276965
0.06820208074019307
0.08048996419097422
0.07509367254359207
0.07219879813004002
0.0678931648842061
0.06074085109799965
0.06093187772429553
0.0542026494982575
0.05846810588626279
0.06263882385317213
0.061650842610683
0.06655979227440745
0.0640799293033062
0.06482178998763143
0.06654475827881401
0.06514754551395278
0.06390016147066713
0.06295182940864087
0.05792592255304253
0.05298896192934166
0.05177276897199745
0.055354612981694216
0.0551757757673664
0.05554986041093416
0.0508422097198318
0.05170233562079046
0.0471051992711354
0.04258404236666105
0.04341605063444698
0.0389983931397269
0.039869226357809776
0.03555061805288702
0.04445229941660449
0.040165610988345604
0.044960883912639964
0.04073670840841205
0.036577515220744025
0.032481816318577855
0.038263974008750284
0.0342171807451968
0.030230782873755063
0.026303438374014443
0.02243384469385035
0.018620737309081373
0.02355861571225571
0.01979227793922507
0.03444432619301017
0.030654209716888862
0.026917471403753005
0.023232991510309064
0.01959968139508401
0.016016482446022544
0.012482365052153135
0.008996327617223238
0.005557395613320338
0.002164620672599204
0.0
0.0
0.0
0.0
0.0
0.0
0.0
0.0
0.0
0.0
0.0
0.0
0.0
0.0
0.0
0.0
0.0
0.0
0.0
0.0
0.0
0.0
0.0
0.0
0.0
0.0
0.0
0.0
0.0
0.0
0.0
0.0
0.0
0.0
0.0
0.0
0.0
0.0
0.0
0.0
0.0
0.0
0.0
0.0
0.0
0.0
0.0
0.0
0.0
0.0
0.0
