The combination of impact cases are [59, 15, 88, 96, 41, 42, 10, 75, 100, 97, 81, 6, 12, 84, 33, 11, 27, 34, 37, 9]
1903.4266775465835
17.859370240210524
8.500445973486482
5.37815029664319
3.8204460272999436
2.89156997665072
2.280090381146037
1.8512710956140612
1.5366846022866012
1.296641108246476
1.1080328254674534
0.9578141610480515
0.8357126450868101
0.7355326337354605
0.6550005066100302
0.5899734371286022
0.5355900877321453
0.48782833477726156
0.4718361449071301
0.4379891776275156
0.40985430574241516
0.3839823686478382
0.3811464071442302
0.3621371925139976
0.34564615672415117
0.3297155185303896
0.3303333051114155
0.31484971603720574
0.301001967585049
0.3049813198310308
0.29312089376693135
0.2815430776375696
0.2740091618550864
0.26561776326760994
0.2524559761400288
0.2428792169586973
0.2323965556111111
0.22055751732686737
0.22489782173383055
0.21518498203211506
0.20646723491146698
0.19563439773676977
0.18589781509290842
0.177821239841537
0.17007369766888686
0.16419051869519208
0.1567509293900705
0.15106823716020795
0.14518644768010175
0.14134359306293187
0.1398854563528724
0.13368106787666462
0.12951299366049648
0.12528066809657848
0.12150273102560051
0.11771271447852083
0.12024319108627685
0.11780173040906282
0.1230650252812827
0.12109274467080894
0.1304948683673149
0.12817710802049376
0.1271067198694545
0.12707773789857754
0.12239373866675983
0.1190405456356418
0.11632998479427721
0.12015170922014157
0.11824799297511875
0.1156287679495131
0.12387726038736427
0.12425837218446119
0.1210025477129407
0.11913105298345149
0.11606983922690443
0.1144548233726787
0.12464472512449272
0.12611535275851635
0.1230547715191128
0.12193186983858492
0.12049513001059081
0.11573016079322873
0.11357773213645327
0.12693234436129255
0.1233387971340427
0.11870565566744357
0.11825845838506717
0.11536209153786423
0.1136638666045527
0.1319509286254115
0.12939611913926072
0.12468761626605185
0.12577009984154075
0.12417212715596992
0.1171302003214753
0.11598924408668483
0.11026451842032017
0.10710183864944736
0.11957542717719251
0.1141820187123065
0.11185711944315385
0.11322653286430298
0.13671723961021667
0.13212820632432312
0.12376082729928801
0.12406041299530404
0.12465561968021843
0.12116327153253065
0.11793915493018195
0.111063338790207
0.1070306863662304
0.10518294403946166
0.10090023239935719
0.09312241207565936
0.110964404763868
0.10871855400332249
0.11336091055941129
0.14028135582587908
0.13935179869630143
0.12726119375017475
0.1196527535084705
0.1144533120175782
0.10230320722443224
0.10012181009238852
0.09525729480930274
0.08547264351016737
0.08641793304590635
0.0837046893070341
0.0833848075401434
0.07626284608648096
0.0709588236917445
0.0670154034991297
0.06522255618479048
0.06426383041067978
0.06892648089122873
0.06367722493805927
0.062276151542721946
0.08531109411125531
0.07984126952967215
0.07365091700434706
0.06787354674032509
0.06467098392267677
0.07653778069072575
0.07616397150579213
0.14237222210262598
0.16085062990184665
0.15088572288959956
0.16017517808595397
0.15054091695270655
0.13610872508815863
0.1268005277689817
0.11271668881310662
0.11445705864585759
0.1006379811232384
0.08699836048624682
0.08689549416935005
0.11446801818606828
0.10100092684505703
0.08770429422562538
0.08134497259626544
0.06833737953275582
0.055491361440032305
0.04843483317170985
0.03586851928367678
0.027979938838069693
0.03856415462260255
0.031576797105089996
0.0
0.0
0.0
0.0
0.0
0.0
0.0
0.0
0.0
0.0
0.0
0.0
0.0
0.0
0.0
0.0
0.0
0.0
0.0
0.0
0.0
0.0
0.0
0.0
0.0
0.0
0.0
0.0
0.0
0.0
0.0
0.0
0.0
0.0
