The combination of impact cases are [52, 98, 62, 8, 29, 70, 89, 27, 25, 72]
2037.3099233597268
19.190323005831495
9.177076334578821
5.8475063815907165
4.199156888963699
3.22052541703097
2.5750983625599417
2.1169586665177076
1.7756835079381281
1.512589494024469
1.3028946117335818
1.1408487815459765
1.0159124733411058
0.9091452931445422
0.8134272239677055
0.7377177491374519
0.6724082604263381
0.6173132576225744
0.5696807396917967
0.5322401368899724
0.486411767410113
0.44605406537893566
0.45645830484400607
0.42633485962377843
0.4023141776020396
0.3754007366826889
0.34857645765818146
0.3234858108627735
0.30400167711370724
0.32268834238663385
0.30796620790299734
0.2930220803169106
0.2782879737129063
0.2652020900041955
0.2593551623390222
0.24562592342218523
0.23204811647316345
0.21795475478203402
0.23581116345471378
0.22474509896114564
0.21430842168101935
0.2042733294517922
0.19488050919200217
0.18513516981607436
0.17587848519619792
0.16708200223600364
0.16048472092033758
0.1543355192151219
0.14704216708002785
0.14103896999926763
0.1359137999187354
0.13368195682782447
0.13184340731173264
0.13008336521780517
0.12632400392994161
0.13030144387753337
0.12876530513617826
0.12420869557498161
0.14298400593115912
0.14169277537940583
0.16214727899662515
0.15754374246728903
0.15285712065847798
0.15322989524794103
0.14731826008007734
0.13918776853673676
0.1310305790866103
0.1306091175216135
0.12640556134725692
0.12210457128390685
0.14664175948348565
0.13973394732709515
0.1343340956418917
0.13527818892876647
0.13004172857025217
0.1197161925639672
0.15672864950413484
0.16068116817298264
0.15592040666984625
0.14944752643279413
0.14870959154382282
0.14810291295193734
0.15163537071840424
0.14217235371237533
0.15422877006872768
0.1448225081950578
0.14798695952728305
0.15026045820642112
0.15107418293258693
0.15846561611889506
0.1531263462462666
0.14729447351705105
0.13861868726348736
0.13071374054965262
0.13238946309793395
0.13211222130646064
0.12392003272712353
0.11350362543802281
0.16390278931990027
0.15577244680672586
0.15118213624040996
0.13775237296440207
0.1404335335034559
0.1336610562281199
0.1313764729173674
0.1186857113606765
0.10946778345153044
0.11529360406300113
0.1212968459985345
0.10642392756387994
0.09968139345348462
0.09702681138759167
0.08276891651875572
0.07864009512318183
0.0647935896569984
0.08274097020085984
0.07945444108920191
0.140458246566468
0.12232030709102495
0.10448718131861884
0.09663420266943477
0.09057995765152026
0.07344546089646878
0.0713976936494264
0.06275808644573798
0.05425670189894312
0.05897910140733978
0.05064133983550868
0.05817027021115039
0.04996803576335703
0.04189197983131223
0.03393921305125938
0.039266594648319754
0.031453147608688184
0.04976281927385366
0.041987374378024245
0.03432626585256823
0.026776990164094867
0.019337116340140164
0.012004283359250054
0.004776197652907504
0.0
0.0
0.0
0.0
0.0
0.0
0.0
0.0
0.0
0.0
0.0
0.0
0.0
0.0
0.0
0.0
0.0
0.0
0.0
0.0
0.0
0.0
0.0
0.0
0.0
0.0
0.0
0.0
0.0
0.0
0.0
0.0
0.0
0.0
0.0
0.0
0.0
0.0
0.0
0.0
0.0
0.0
0.0
0.0
0.0
0.0
0.0
0.0
0.0
0.0
0.0
0.0
0.0
0.0
0.0
0.0
0.0
0.0
0.0
0.0
