The combination of impact cases are [27, 72, 7, 44, 93, 52, 30, 60, 94, 65, 57, 4, 17, 84, 50, 46, 45, 9, 54, 70, 97, 75, 21, 38, 86, 67, 47, 69, 79, 85, 43, 24, 22, 2, 63, 56, 64, 42, 49, 62, 18, 95, 59, 73, 99, 41, 26, 11, 28, 15, 87, 3, 88, 8, 53, 29, 68, 100, 96, 13]
2031.0670639543482
19.124780132595962
9.134136420397747
5.800958242474476
4.142854594610895
3.155829526762817
2.5044602058259873
2.0442694382945543
1.704505538919906
1.44438401729265
1.238953234738343
1.0752139748470533
0.9422623596262252
0.8316192650741967
0.7386530110475532
0.6614938983769216
0.5967541914549868
0.5425268672977397
0.5052319834153797
0.46550136293293165
0.42966318975269363
0.39892473161411074
0.38507977020420847
0.362228293143519
0.34080835441004603
0.31941451799387416
0.311059922388998
0.30334435889674416
0.286438677154417
0.2769175460786093
0.26990290830081515
0.25813547260842784
0.24851779817921732
0.24068268049343886
0.23184309478495072
0.22289502387544505
0.21785923355001788
0.20845241553837715
0.2051152958538031
0.19784760406589535
0.19234794553446544
0.18471129570597652
0.18303068510787376
0.18058690788670767
0.1792253543698578
0.17384088462369096
0.16911030873676322
0.16437071539352646
0.16399196306645827
0.16014993561259527
0.15653409546044667
0.15452066574024034
0.15003111580009226
0.14586478202971861
0.14109747558747127
0.13702802174345538
0.1385446926764701
0.13472458121628914
0.13394665174444367
0.13068192608688198
0.13296062142084827
0.13283643864110806
0.13491076501142743
0.13383989404077784
0.12960834050774458
0.12346164693121237
0.123485658010927
0.12577212532885312
0.12492643656668813
0.12406982274386959
0.1279228638347829
0.1262284299916772
0.12358809511133827
0.12057070347247915
0.12081340595127223
0.11761386395329508
0.1198489634325159
0.11870206144643283
0.11965303778558459
0.12085321413851424
0.12336908363862965
0.11873777195745645
0.11595873733825315
0.11540211889699453
0.11143961779286551
0.11034907084691863
0.11102223195949898
0.10635814408945563
0.10643565317165948
0.10886930866587642
0.10742547464129214
0.10222814509442343
0.10062046063101374
0.0991269424779548
0.09822049866250654
0.09836331333123767
0.09475127147934204
0.09219379623592079
0.09269489008799371
0.09343255092087606
0.10122304474445883
0.10042812769293635
0.10563497119456511
0.10187405282009526
0.09717911366512053
0.09926894283577106
0.09303647561361958
0.09574394060350438
0.09492776656593048
0.0911076358148718
0.08704182733857717
0.0808878140041473
0.07976578741156153
0.07763344006348323
0.0822577755171074
0.08859597674844043
0.08927420181924214
0.0921086894802646
0.0885683141387243
0.08304463321695775
0.07704295560484437
0.07309660886611655
0.07157793887404489
0.07627135791119419
0.07812338350835037
0.07090732584409422
0.07651978808420239
0.07139429382694751
0.07262158085168194
0.06725933733378935
0.058640634432011216
0.054386338953362666
0.05475723786506214
0.056018433601629156
0.05343189314492003
0.04910850011224012
0.04240980883214804
0.0459261592713573
0.03918184837123975
0.04366780052896295
0.03621356299734627
0.04543947526156954
0.05051223291090201
0.04316650723271272
0.0513686744864221
0.05402851526379095
0.05603551654257842
0.07571557772209267
0.06754983566297032
0.057030073026886494
0.04911635361632867
0.03885798431305817
0.036554038328049744
0.028411325417913896
0.04610459136721412
0.039355964904452194
0.05026050700994387
0.04357137572107561
0.036966911621216916
0.037215585585217405
0.030733393332583347
0.024331720205873326
0.023639982000211193
0.017360367382333375
0.015681823817380907
0.032400807870219595
0.026181900546801706
0.0
0.0
0.0
0.0
0.0
0.0
0.0
0.0
0.0
0.0
0.0
0.0
0.0
0.0
0.0
0.0
0.0
0.0
0.0
0.0
0.0
0.0
0.0
0.0
0.0
0.0
0.0
0.0
0.0
0.0
0.0
0.0
0.0
0.0
