The combination of impact cases are [73, 85, 66, 94, 58, 43, 74, 9, 92, 30, 18, 29, 54, 21, 8, 26, 59, 16, 45, 6]
2150.8083375257934
20.31036292799006
9.729557217250644
6.194309251806613
4.4299291590010474
3.3794227496916815
2.6848268111554394
2.193978774612185
1.8286090572484857
1.5472558955981008
1.3250711297546134
1.146886823695372
1.0016947827551794
0.883308357702708
0.7858265071747373
0.7037054663118724
0.6343814608314026
0.5754424283138633
0.554029761239692
0.510898016225119
0.4744829155400123
0.44155770315480936
0.43507083741727326
0.40760826136423184
0.38420036530593055
0.36211944642992233
0.36094394671358454
0.3420992226887756
0.3250755232047556
0.3282131614775181
0.31392455029121225
0.3005134515634111
0.29000895357653783
0.27945709532050056
0.2682595604845185
0.25645840744208676
0.24377352107806402
0.22991678255532835
0.23353197396703837
0.22504039224594335
0.21850263989789576
0.2089130090916316
0.20121233543201594
0.1936517135290854
0.18734467848931297
0.18069482028910036
0.17363912983249605
0.16824363204634832
0.16425003527468035
0.1596912556849603
0.1577159490927819
0.15313326929723461
0.14809743185737126
0.14478513880307015
0.13922136967712584
0.1337688267259771
0.13792111337675056
0.13322331991037334
0.13688094407841694
0.13268435891621727
0.13960220311365923
0.1410169805765205
0.14101831358361652
0.14177937839180177
0.1406360292066273
0.13445421357003917
0.12843353188691486
0.1374520921046854
0.13457904627083156
0.13263786700859861
0.1431401070305801
0.13709037308868233
0.14083205121182454
0.13613968294092085
0.134234234865383
0.1303476262329088
0.14365222706023
0.14035563667630466
0.1359576513138939
0.13033976239087475
0.1284997764694752
0.12693218821488886
0.12958364993323246
0.13982449156452628
0.135940615256882
0.13390868104965228
0.13351939926248407
0.13259205191625997
0.13255942011743335
0.14523229935047374
0.14397623713500748
0.14436757239967937
0.1449805825152387
0.14256697798281015
0.14189446549822005
0.1382531701852447
0.13660532019469224
0.1331738765183863
0.15951533403682963
0.15133268333529137
0.1435424632077926
0.13578177551732698
0.15946061046761317
0.1528166470018064
0.1558529900260151
0.15233256726514058
0.1459198119206257
0.14145050739527792
0.13286787644915038
0.12645153047768873
0.12554469525467474
0.11600209561337368
0.11448699384775886
0.112860203962918
0.13934481802773055
0.1341071054252942
0.1232520173120168
0.16865486512448413
0.16475653269231444
0.15891770592868226
0.1402599937144952
0.12747205687769206
0.11169685103873293
0.11415905129979435
0.10191445038153851
0.09838840568116301
0.10256501116098514
0.10824680198073795
0.09438137379767152
0.08615179330028663
0.072669611520227
0.06280928055287432
0.0648472652977121
0.06775051029416441
0.05729544098292104
0.04699525011434914
0.036846521503415705
0.04183709827109827
0.034288101136858526
0.034365756722604335
0.026977957615194052
0.02073135349295882
0.025641324930688034
0.021965768514403756
0.036682515895524334
0.05926395189056758
0.052009216267918365
0.044853177816862565
0.037793836054231596
0.03082924419749864
0.023957507374877132
0.017176780906535048
0.010485268653652817
0.0038812214322198526
0.0
0.0
0.0
0.0
0.0
0.0
0.0
0.0
0.0
0.0
0.0
0.0
0.0
0.0
0.0
0.0
0.0
0.0
0.0
0.0
0.0
0.0
0.0
0.0
0.0
0.0
0.0
0.0
0.0
0.0
0.0
0.0
0.0
0.0
0.0
0.0
0.0
0.0
0.0
0.0
0.0
0.0
0.0
0.0
0.0
0.0
0.0
