The combination of impact cases are [16, 86, 39, 17, 97, 31, 7, 90, 52, 55, 71, 74, 49, 85, 28, 25, 2, 6, 50, 51, 54, 61, 41, 33, 47, 69, 15, 63, 42, 100, 64, 93, 22, 4, 21, 77, 65, 27, 88, 87, 5, 40, 73, 79, 36, 91, 67, 37, 57, 56, 13, 26, 68, 18, 23, 98, 14, 10, 32, 24]
2018.306647440947
18.996887510876228
9.064129217709322
5.751556660868697
4.107983846685182
3.1323995408256673
2.4916917898527227
2.0407379581860483
1.7060569872093687
1.4485046422664731
1.2444868839459653
1.0813631637068652
0.949231901507935
0.8369697952519232
0.7419821131313472
0.6642672171619219
0.6040497531808093
0.550758226618853
0.5043166057075757
0.46425835525236653
0.42725816542350886
0.3946150892381172
0.3659613842993849
0.3426991523663575
0.32215162864624924
0.3033523353204962
0.285052852505014
0.2685030376756236
0.2540204779164991
0.2410531039506698
0.22977033527267818
0.21955523260169996
0.21015543922221172
0.20216074188081737
0.19462401357999448
0.18792067040391114
0.18072819286056477
0.17407094560085395
0.16855972357641003
0.16263094606796608
0.1585322868193706
0.1527639601210185
0.14767873275653756
0.14304491919461684
0.138536813307604
0.13458508128629001
0.13125242389117997
0.12755286670204039
0.1242788356042887
0.12143043278681723
0.11786922044440079
0.11367693399217185
0.10982433651510753
0.10640885393021664
0.10176533045453248
0.09849450877967285
0.09560826507655094
0.09312259229235206
0.0898506943197888
0.08716402375875969
0.08473344487319004
0.08369013861348329
0.08197431728681538
0.0810210926705868
0.07885469275252491
0.07591552399843099
0.07427642705061535
0.07252641051585981
0.07021530831735703
0.06910486655882483
0.06607659950613523
0.06468021741077112
0.06357215165599824
0.06150910698426424
0.06073878814022256
0.0598819242988666
0.05897502379324313
0.05782901452832626
0.056681628030127836
0.05620596933517856
0.05627208536572536
0.05610700811223739
0.05491185159710318
0.05320733398309711
0.05245642316198052
0.05165487898751617
0.051831628052677464
0.05098156411631558
0.05065227193262571
0.04931076347984882
0.046574200789436776
0.04506095150255712
0.04370842383021062
0.04297886773154453
0.04265019256482132
0.040976553611260645
0.03908096098278175
0.03682683826670421
0.03441460663401838
0.03315136955185172
0.03293903861120686
0.031949175725486924
0.03063571010726588
0.02933865523324047
0.02664358176159907
0.026775257533934074
0.024763817582320727
0.02361887965501943
0.02451937424499706
0.02273211337683162
0.021222204755689374
0.02024581062116587
0.0191880875558864
0.019390426457077184
0.018471299767476704
0.017619308693385162
0.017103111191093104
0.0160544544793173
0.015242283474667329
0.014264658043951788
0.013512232229095263
0.012642263584606758
0.012314638123950799
0.012251292696541034
0.01113635601929595
0.010003920431817952
0.009937863477171429
0.009001739550979763
0.008634389474205806
0.00786878059300644
0.006864660134497096
0.006227259285844736
0.007000424572070502
0.006568579038101153
0.006485195965377318
0.005706434091136964
0.004975457227898798
0.004230739686561153
0.0036186365419005485
0.0035593479306825927
0.0031208032724695657
0.0027024841747794784
0.0032005229470665744
0.0029504387208599955
0.0024670201725244295
0.0030399831267567904
0.002943293263298101
0.002869491865169327
0.002512289705270949
0.0021598818834532244
0.0018121725193469013
0.001469068272291833
0.0011304782577994366
0.0008596295525308385
0.0006815628186505448
0.0007923254877482976
0.0010701251862687401
0.0009571591853996902
0.0008456230434068078
0.0007354897835174674
0.0006267331033362078
0.0005193273539026497
0.0004132475195249776
0.0003084691983557233
0.0002049685836781464
0.00010272244587304924
8.991494263813818e-05
0.0
0.0
0.0
0.0
0.0
0.0
0.0
0.0
0.0
0.0
0.0
0.0
0.0
0.0
0.0
0.0
0.0
0.0
0.0
0.0
0.0
0.0
0.0
0.0
0.0
0.0
0.0
0.0
0.0
0.0
0.0
0.0
0.0
0.0
