The combination of impact cases are [40, 6, 75, 64, 13, 73, 1, 19, 62, 83, 5, 2, 67, 96, 82, 51, 76, 61, 27, 95, 15, 45, 91, 47, 7, 57, 54, 50, 4, 46, 33, 11, 28, 9, 68, 65, 10, 26, 34, 29, 42, 63, 93, 71, 35, 85, 32, 37, 78, 59, 88, 99, 97, 31, 72, 69, 77, 81, 86, 20]
1937.7039681866327
18.199332171257357
8.667320176276856
5.493513297804991
3.9167684135097565
2.9807774836107073
2.364495458466173
1.9299307527935043
1.6089454822018459
1.3628871924626182
1.1683425105970506
1.0121022997342441
0.8847304646968357
0.7781935370813328
0.689742563072693
0.6162910782456852
0.55806375732279
0.5065673964208361
0.4725947159551824
0.4363970305020628
0.4041010789817938
0.3748850461189837
0.36164240767181083
0.34044129884506635
0.32081454698642925
0.3026524097690375
0.2968702492319289
0.29233088442415256
0.2783377121141704
0.2707141763173578
0.2653637714734472
0.25550702999643937
0.24722692646731423
0.2397747790999692
0.23062702087562673
0.22301291598491665
0.21921400033066457
0.2107462264368684
0.20834022415569323
0.20167547243687795
0.19731801752229478
0.18983485362795374
0.18824403654098637
0.1868423423181623
0.18578558211933732
0.18061991996615606
0.1759723015101081
0.17162202296283727
0.17169042138243742
0.16799800413572058
0.16428246744673294
0.16249708460148235
0.15729678749930448
0.15204480798773698
0.14656270319014778
0.14155153118699587
0.14271588284002065
0.13914602047617863
0.1379022062943714
0.1351377185560059
0.13794099772311652
0.13763244178393425
0.13903325274788744
0.1396426380447483
0.1343062586339264
0.12951002035022874
0.12939167589138736
0.13156188910773028
0.13060773878480947
0.1278337268603702
0.13115958507146752
0.12722842436653387
0.12270881082366206
0.11921337555416889
0.11804880724455351
0.11418959583317377
0.11502184741785307
0.11250418769848763
0.11478207826463127
0.1200799989694434
0.12364475790119123
0.11814912769106285
0.11647405338892086
0.11712001781762088
0.11182189025164056
0.11200413384957802
0.11176005465624722
0.106947992533129
0.10678929998771583
0.10818383999524171
0.10890110775326649
0.10568303882046047
0.10364989733360339
0.0994187871426934
0.09690636690444067
0.09909110646190558
0.09411833570090256
0.0902682942184864
0.09103478313566706
0.09251482030815739
0.10124128380088249
0.09760721628083165
0.10346445717459411
0.10141687565780261
0.09561250727735274
0.09662313039974743
0.0929252630483465
0.09471668735546539
0.09596176268967319
0.08909101266482339
0.08513734078549105
0.08365203962249562
0.07854504202192222
0.07518516975809417
0.07562395379327178
0.0803639160011304
0.0774929354913368
0.07971265940256675
0.07618922789957595
0.06833696472913502
0.06490489167204563
0.061231263888497416
0.05498646883675876
0.056575173901489535
0.05788065722160807
0.05219587541567169
0.05946631322234413
0.05492232169026286
0.05888741911285146
0.054697350278626364
0.04843098149620476
0.04395735282056469
0.04386003541147576
0.04246014180903483
0.04242951896107375
0.03724373654888596
0.03339120779986445
0.03750845100976585
0.03626472822097122
0.04018154461495095
0.04188485682676421
0.057475273315794655
0.06419749990192825
0.06033303005026496
0.07229014441617349
0.07368098116529967
0.07327043708400219
0.10751370006886668
0.09575497023493057
0.08169044461113115
0.07146214285317472
0.06105579799091571
0.05860582336565441
0.0503189905616192
0.08699836048624682
0.08689549416935005
0.11446801818606828
0.10100092684505703
0.08770429422562538
0.08134497259626544
0.06833737953275582
0.055491361440032305
0.04843483317170985
0.03586851928367678
0.027979938838069693
0.03856415462260255
0.031576797105089996
0.0
0.0
0.0
0.0
0.0
0.0
0.0
0.0
0.0
0.0
0.0
0.0
0.0
0.0
0.0
0.0
0.0
0.0
0.0
0.0
0.0
0.0
0.0
0.0
0.0
0.0
0.0
0.0
0.0
0.0
0.0
0.0
0.0
0.0
