The combination of impact cases are [83, 95, 71, 97, 28, 75, 74, 82, 37, 90]
2072.0908931610757
19.529036464190327
9.32299432048679
5.904870479520582
4.19960426596542
3.1820902009987564
2.514096832481885
2.0488487840607617
1.708348390723724
1.446833732474475
1.2377084641598661
1.0657394693912388
0.9224758031928856
0.8020521978808948
0.7008403273243725
0.6172064404035784
0.5492042721421757
0.4924206672398973
0.4450718434310524
0.4051751377919221
0.3714967971091305
0.34297842858792865
0.353990766578279
0.3310223934096904
0.31164841506341656
0.29609331202804534
0.28492016166057316
0.2761284724908142
0.26794220698422433
0.29241128217797
0.2855319754177104
0.2807816275836212
0.274947563718121
0.27097196942121893
0.2675414072080038
0.26343367499312065
0.2597337354099601
0.2553670975866979
0.2873844654661534
0.28226874154068526
0.27674519244737034
0.2706362676281895
0.2638887783109857
0.2564156765921868
0.24912578653729586
0.2401387752996633
0.23357085510137332
0.22291130577021867
0.21500888409707325
0.2060416585389132
0.19807315115439283
0.191129453088902
0.18182109463946716
0.17328748457993037
0.16716554932068978
0.15913895807050016
0.15069765074606872
0.14306103262718678
0.16253817508206847
0.16522718912048606
0.18830777468335436
0.18483905398127054
0.17591374953693406
0.16776153987005948
0.16110127362378213
0.15308788586655084
0.14531821644510873
0.14124370070710415
0.13954344599559892
0.13407588051521355
0.1561263645563309
0.16049019611801602
0.1419353696134224
0.13031281589161267
0.12241538586009851
0.12435560842817575
0.15379165375955411
0.1435453419823985
0.13990167451766988
0.13949405462480038
0.14332948333766538
0.13957662520928157
0.14061169961042894
0.13567644474982737
0.12571083738812489
0.11695929523847683
0.11831303178524816
0.10968294771970967
0.10500647822109807
0.1015988035387545
0.0982207051439155
0.08806112962020697
0.0856898152167884
0.08308064856068689
0.07862667107395871
0.07681064789009308
0.07737388782956243
0.07910593604483056
0.12406195905383276
0.12018931497826521
0.1236845656781331
0.12038680711875031
0.12389427691660873
0.12465341429436884
0.1250411528508022
0.12458499150074281
0.12134689718303232
0.1191766590436065
0.12062709762891044
0.11679999396679261
0.11318010863072353
0.10996762121798832
0.10255043310273311
0.09537187296329744
0.09191348939511604
0.09661803184196718
0.09493054757735259
0.18789008952401967
0.16935021934137742
0.162099243553883
0.14911550837194315
0.13738025356472533
0.14440846680193967
0.12697566899619103
0.12701550121467095
0.11851550967756695
0.12800672043757466
0.11125208133781977
0.11965824789302805
0.11154639801256129
0.09530498281456513
0.07931150922615648
0.10741284946700869
0.09156883141163999
0.07596127359052585
0.06058492172102024
0.045434676046838145
0.03724147461816275
0.04711723142451142
0.03958455587845014
0.06888865238602034
0.061308419433777725
0.05383494280750601
0.04646598302061813
0.03919936279016802
0.03203296489204509
0.02496473010430627
0.017992655234446476
0.011114791226640676
0.004329241345198408
0.0
0.0
0.0
0.0
0.0
0.0
0.0
0.0
0.0
0.0
0.0
0.0
0.0
0.0
0.0
0.0
0.0
0.0
0.0
0.0
0.0
0.0
0.0
0.0
0.0
0.0
0.0
0.0
0.0
0.0
0.0
0.0
0.0
0.0
0.0
0.0
0.0
0.0
0.0
0.0
0.0
0.0
0.0
0.0
0.0
0.0
0.0
0.0
0.0
0.0
0.0
