The combination of impact cases are [37, 72]
1644.2375886518644
15.295727377754044
7.204443018647211
4.490345165033913
3.1347479934309144
2.3296480056304603
1.8054488260430483
1.4512735186405918
1.2033778770136576
1.0179824843992273
0.8778478072278832
0.7665349550804482
0.674854522652143
0.5974795505836594
0.5333652709561674
0.482989030063137
0.44671684986294713
0.419039328246099
0.3941167812229574
0.3683884935684763
0.34309423750905627
0.3198063160424565
0.3014887392104918
0.28640961579997004
0.27358697682915356
0.26541290173834275
0.26548093218133345
0.2687206437070233
0.2698421780732969
0.2649480039479427
0.2583404042852422
0.25074604023293445
0.245264647287756
0.23904745313380232
0.23468395328006594
0.2327703432464655
0.23014262917659115
0.22525298207616767
0.22446882277450922
0.2224621942565612
0.21870020071839302
0.21392215572033008
0.20395610512109227
0.1954245152143
0.18501418119551588
0.17445643012723913
0.1649494636551418
0.1561163156954753
0.14581945045644798
0.13761410910980956
0.12710005065001287
0.1175303417362874
0.10977343787419594
0.10183745417417875
0.09659717030337944
0.09131570383777667
0.08379123170436151
0.07705814449741713
0.06971243806569305
0.0648194746282443
0.06325172341157269
0.06127230903062102
0.05571252306039889
0.05398355297876349
0.05232153265939522
0.05047004115954338
0.050540729398044396
0.05049878639141993
0.05225848906576719
0.05024813984538985
0.048170388486602024
0.04789296345352874
0.04482639213249077
0.04328584702117582
0.03889166429074287
0.03785556301680744
0.03525662599454604
0.03312307623382132
0.03343730871840852
0.03181493766054066
0.028365710852936037
0.03359191179503149
0.03828865666982499
0.031804032486866946
0.029157037796369866
0.02293239322886147
0.031606326673697234
0.02549661142695905
0.019525737566700337
0.03008561825638964
0.024196432440239807
0.018436665056872983
0.012802096398689693
0.007288688231375959
0.007051272641010726
0.0017144526223551127
0.0
0.0
0.0
0.0
0.0
0.0
0.0
0.0
0.0
0.0
0.0
0.0
0.0
0.0
0.0
0.0
0.0
0.0
0.0
0.0
0.0
0.0
0.0
0.0
0.0
0.0
0.0
0.0
0.0
0.0
0.0
0.0
0.0
0.0
0.0
0.0
0.0
0.0
0.0
0.0
0.0
0.0
0.0
0.0
0.0
0.0
0.0
0.0
0.0
0.0
0.0
0.0
0.0
0.0
0.0
0.0
0.0
0.0
0.0
0.0
0.0
0.0
0.0
0.0
0.0
0.0
0.0
0.0
0.0
0.0
0.0
0.0
0.0
0.0
0.0
0.0
0.0
0.0
0.0
0.0
0.0
0.0
0.0
0.0
0.0
0.0
0.0
0.0
0.0
0.0
0.0
0.0
0.0
0.0
0.0
0.0
0.0
0.0
0.0
0.0
0.0
0.0
0.0
0.0
0.0
