The combination of impact cases are [67, 51, 66, 53, 55, 18, 46, 24, 8, 5, 69, 63, 74, 88, 76, 87, 22, 60, 65, 19, 84, 99, 81, 16, 95, 54, 49, 44, 28, 45, 96, 33, 11, 62, 83, 77, 97, 7, 73, 40]
2044.332671818665
19.25531573945148
9.198218370243527
5.84401051094282
4.173550087306673
3.1797612347063375
2.5243286307617487
2.062228566585975
1.7200937727789025
1.457087188439799
1.2483569683737414
1.0801133125862572
0.9425782058727733
0.8295830320750356
0.7358957953916087
0.6572321791984279
0.5924196981088998
0.537637251281426
0.5033500908740811
0.46077479842260965
0.42426083637757417
0.3929339042820998
0.3849790639671725
0.36109262619762666
0.33935774280434067
0.3186926587300676
0.3182639091251616
0.3083149959892722
0.29061229937789373
0.2845333767940702
0.2808015965486825
0.2686986464515656
0.2577067854630684
0.24802631451596088
0.23952237647300115
0.22907703652150452
0.2266939748529995
0.21855588431900846
0.21909160457529606
0.21321192005724074
0.20778288136191683
0.20063213249044584
0.20217296726126568
0.19631852514340153
0.19289242206613696
0.18875800299973494
0.18572179418570234
0.18076361160392457
0.17606367615010943
0.1703975757994688
0.1659790370345394
0.16159689724521753
0.1574475027542906
0.15443753081315847
0.15154255982113812
0.1482068422633137
0.1490402137225992
0.1464316856159911
0.15003528160705584
0.14862868577781868
0.1573186469321833
0.1542072660930083
0.1526604470687652
0.15467130817243105
0.14916491951720776
0.14243593599086662
0.1404102458137479
0.14760499886963285
0.14250781929668782
0.14077574607634588
0.14091167253213843
0.13836744447984364
0.13529579220403753
0.13057477024817477
0.12864917841483753
0.1232216400499159
0.12617141058903672
0.12262950871404742
0.12532165793563815
0.12157187139102307
0.11707028776446757
0.11463457103207945
0.11167722135713935
0.1132614396786041
0.11008420936210639
0.1095830683216701
0.11005837781203445
0.10539301078513409
0.10359179989197098
0.1086072846221284
0.11187739006848774
0.1091021833651585
0.10586232040957533
0.10566993190617385
0.10302321380574725
0.10040660269318913
0.09530016130458546
0.09190273542148394
0.09343988258056013
0.09335868247902371
0.09674609548795841
0.09834993354914442
0.10136274283052168
0.0964477545120342
0.09340247417829883
0.09265350400663376
0.0898441590007219
0.08648618762524038
0.08370776505302643
0.07778237535105152
0.07501781400286585
0.0718719696687494
0.06906122773216589
0.06797066687757192
0.06982222479546185
0.07293891933413484
0.0737028468938783
0.07864979060742049
0.07357040658679743
0.07356938963969661
0.06637558730770826
0.06144186768904721
0.05661625859921887
0.06111982609610765
0.05835668731087039
0.05467577688237124
0.062486519966263136
0.06324105830526942
0.07463353084188434
0.07040052162754876
0.06283478669922213
0.05612427572009968
0.06500046209479679
0.06180233982860392
0.054652038287282614
0.046840379636951146
0.04066575179404708
0.041658700907792064
0.04141624539264302
0.037726597263256376
0.040517566664387855
0.06134048472035511
0.05874589705631393
0.051342597333535994
0.06855815260189402
0.05774125620031342
0.04948973934500303
0.04385553302221815
0.03928319710391791
0.03230861020628374
0.029075720960206244
0.025572140275428243
0.02993410995849772
0.02647071470180397
0.04610459136721412
0.039355964904452194
0.05026050700994387
0.04357137572107561
0.036966911621216916
0.037215585585217405
0.030733393332583347
0.024331720205873326
0.023639982000211193
0.017360367382333375
0.015681823817380907
0.032400807870219595
0.026181900546801706
0.0
0.0
0.0
0.0
0.0
0.0
0.0
0.0
0.0
0.0
0.0
0.0
0.0
0.0
0.0
0.0
0.0
0.0
0.0
0.0
0.0
0.0
0.0
0.0
0.0
0.0
0.0
0.0
0.0
0.0
0.0
0.0
0.0
0.0
