The combination of impact cases are [68, 86, 91, 39, 77, 100, 53, 41, 47, 28, 23, 27, 42, 32, 78, 7, 92, 52, 81, 56, 55, 31, 15, 24, 64, 72, 40, 59, 95, 61, 80, 6, 35, 44, 21, 69, 8, 34, 84, 30]
1840.8663264091126
17.241630271898536
8.191102323025325
5.179508192787583
3.686881173584883
2.8025474226619274
2.2211569961374544
1.8123055072783645
1.5119252944212374
1.2825825422440684
1.10146793948577
0.9584490039915758
0.844166600481946
0.7467204629588752
0.6638529219714815
0.5970339259910104
0.5446267284153372
0.4958668673618858
0.455336975875571
0.4213102842214091
0.38820730494733624
0.3585015633128198
0.3318618507178848
0.3113770216576194
0.2930267515469255
0.27715917058153355
0.25937151547112863
0.2427729983974273
0.22913256826764136
0.2176125252694149
0.20794223662228634
0.19885069521732368
0.1908381254187288
0.18336687632852156
0.17580775311733338
0.16929365930796764
0.16234933690790967
0.1547596932960183
0.1488104471103887
0.14201018397294718
0.13744100222321703
0.1307119061178328
0.1247860858617042
0.12038692403825745
0.11643063406979301
0.11380343531935842
0.11071493101344307
0.10702511609378564
0.10363162851293879
0.10010390428381805
0.0980293923403442
0.09430741362567462
0.09168205770831475
0.0892128276887629
0.08486274463339966
0.08129935129428857
0.07837496167350927
0.07674823700453579
0.07384425332344013
0.0710813949744395
0.06872077018043306
0.06640891053377533
0.06559959318437472
0.0641284270557365
0.061761030877022303
0.059899287077737416
0.0591605860944572
0.057845176015115934
0.05477190135978369
0.05367573786026926
0.05180638050032879
0.0505697151951133
0.049847072252655215
0.04891150208722884
0.04963206770651409
0.04872959100561241
0.04775220828833221
0.04673797089321817
0.04663996904521351
0.04738599673091397
0.04667301545611402
0.046189870594762865
0.04572163582553471
0.04374949745813513
0.04365337845227533
0.04358599429247075
0.04418962731270594
0.04293116429458541
0.04382774003824435
0.04304118781148667
0.041248988313962086
0.03968539697266654
0.03907462789787469
0.03824530512497764
0.0374308959085816
0.03621333942746634
0.03497105789617856
0.033672572557199576
0.03224163145118252
0.02969268654591638
0.028873979580880813
0.028179355174298013
0.02615006444000608
0.0251447494239051
0.02404169768734833
0.023825705548681006
0.02333264303538328
0.02192234725351388
0.02278514241129811
0.021060406592337415
0.020278781775512258
0.01981809572005261
0.01883153432580125
0.017758046944059875
0.01656429034637016
0.015769845314328238
0.015929471471382885
0.014190489416627034
0.013473727524074722
0.012102296512872878
0.011721588194354565
0.010781794301028241
0.011622206827190054
0.01151397014731459
0.01055617412530907
0.009599928642140751
0.009186478225866178
0.008167453820646665
0.00839267076417048
0.007566657601762948
0.006546992521446765
0.005799096035257091
0.008016577129831514
0.007016527685204936
0.006681565957704024
0.005706219202130322
0.004745214726565266
0.003966635712390568
0.003243236836708741
0.0030194983131665142
0.002462255987371707
0.001971651479632164
0.0020345214780824916
0.0016706691509994422
0.0013118699775282207
0.0017012813550087852
0.0013471872437975491
0.0011213294454215641
0.0009448459013557898
0.000770731104937466
0.0005989376843719283
0.0004294195226633762
0.00026213171634132044
9.703053580549631e-05
0.0
0.0
0.0
0.0
0.0
0.0
0.0
0.0
0.0
0.0
0.0
0.0
0.0
0.0
0.0
0.0
0.0
0.0
0.0
0.0
0.0
0.0
0.0
0.0
0.0
0.0
0.0
0.0
0.0
0.0
0.0
0.0
0.0
0.0
0.0
0.0
0.0
0.0
0.0
0.0
0.0
0.0
0.0
0.0
0.0
0.0
0.0
