The combination of impact cases are [21, 5, 47, 93, 98, 86, 25, 83, 34, 59, 42, 57, 35, 90, 20, 12, 49, 19, 10, 36, 63, 50, 55, 26, 32, 76, 16, 28, 56, 30, 74, 68, 97, 29, 46, 87, 85, 79, 39, 24]
2268.9335136611094
21.47814125948362
10.313366666708546
6.587303283778867
4.7307003671302486
3.622985683428826
2.8902385500724432
2.372331501430603
1.9887321411759453
1.6946226027240257
1.4623200014279676
1.2751423413328755
1.1196900631947226
0.9891697590105893
0.8801625442697604
0.789385752699397
0.7151804768108908
0.6459355593834831
0.6018332341284018
0.5511348606479521
0.5051579903089979
0.4655404891750473
0.4542960811879111
0.4231704773474529
0.39457258102993265
0.3716537858647413
0.36628056641159346
0.3523425641242012
0.33137525824599656
0.32218833524702
0.3152453704233393
0.3009623935687842
0.2880150505321208
0.2774019082525818
0.26522903257393554
0.25618566813657095
0.25488743781207135
0.24440994550491824
0.24420079207233278
0.23448519854469735
0.22662062098767477
0.21694565260089557
0.21663228868321163
0.20984112016532516
0.2037717988476838
0.19837728343765193
0.1943024996675403
0.19006717297086217
0.18695013613460168
0.18186636187048977
0.1775373647372968
0.17420945893344908
0.17095537324980248
0.16672814323516438
0.16228711052939276
0.1588654139232937
0.1613803497626504
0.15856328105678036
0.1600312084569974
0.15755969687306964
0.16387015787846032
0.15972894323249232
0.15842230745980299
0.16246931824018046
0.15897278325849998
0.1535815732903914
0.15087562161974816
0.16176023675038034
0.15800883848470812
0.15461297654784723
0.15851955934344492
0.15623417644508222
0.15345387314167816
0.1499826495715687
0.14904025951812283
0.1475443940830417
0.14976138236846806
0.14691557592377028
0.15338547384236023
0.14944826239709097
0.14689619105477417
0.14608840801050996
0.14143744249143989
0.14264636951095613
0.13989762386825189
0.13846188656935746
0.13532877356556264
0.13425690318670624
0.1352680973625157
0.1389482992499431
0.1398275166853584
0.13703057141647096
0.13231766141419335
0.1306146872142934
0.1301931834214649
0.12815529926753522
0.1227029114377859
0.11781919186253652
0.11839381910816724
0.12030622434357469
0.12677225608381337
0.12046692272667268
0.1295317292742299
0.124303690557596
0.11884742727186641
0.11709473347078501
0.10986200399634734
0.10661354683355827
0.1093305463048412
0.10380968581481892
0.09833829904022143
0.09136543236953205
0.08553297919255295
0.08480327491347453
0.09226290124343076
0.10019358477199325
0.09793259596608112
0.10635962214822939
0.10098633131521081
0.09678410104130483
0.08864611191486024
0.08252394990599518
0.08243798250102159
0.09170081432656282
0.08745395146048421
0.08090157601630843
0.09290857633520122
0.09435358465542501
0.10621360066352345
0.09440115731544187
0.08295713742882851
0.07520172903344458
0.08463025198687357
0.08149544897649466
0.07496553811705642
0.06586853307382168
0.0572686324056778
0.058274095400969665
0.05290359656171973
0.050685191587615
0.05128307426745627
0.07448582330684882
0.08195543987716683
0.07449743542407262
0.0936102865708169
0.10721597624872627
0.10078116295109617
0.09508108357230305
0.0809260867714488
0.06696107717619593
0.054365175580407044
0.04407204816875499
0.033914347733983094
0.025788886575925155
0.04089376911903269
0.04753952926489785
0.0642075111761244
0.05742955112398142
0.050737382604408465
0.044129387011048044
0.03760398620017247
0.03115964123415898
0.024794851171498655
0.0185081519013434
0.012298115020688784
0.006163346752382955
0.005394896558288291
0.0
0.0
0.0
0.0
0.0
0.0
0.0
0.0
0.0
0.0
0.0
0.0
0.0
0.0
0.0
0.0
0.0
0.0
0.0
0.0
0.0
0.0
0.0
0.0
0.0
0.0
0.0
0.0
0.0
0.0
0.0
0.0
0.0
0.0
