The combination of impact cases are [54, 24, 99, 86, 30, 74, 21, 62, 1, 68, 91, 2, 9, 59, 23, 6, 13, 96, 10, 70]
1974.8554848197125
18.568820266215262
8.861196583349923
5.630303026158583
4.020817751302402
3.0608547970800366
2.427326911311007
1.981686096556621
1.651450765400398
1.399485426527606
1.2024375775938558
1.0464153762147723
0.919075918365051
0.8138044162234177
0.7266444413256672
0.6535229921268565
0.5915696619962996
0.5403132752475892
0.5268747894132737
0.49167836422998235
0.45685607234553516
0.42589218800299145
0.4217119667855954
0.39904412065661793
0.37873660900304496
0.35920669407080547
0.35972957750343765
0.34207995095062577
0.3257762515666523
0.32838666363880625
0.3138652723856194
0.3003685149615638
0.2898500829128229
0.2829227080186093
0.27200861249957076
0.26517526025526267
0.25437488720354556
0.24184937783163105
0.24726222771403897
0.23558802436239815
0.23023686500629745
0.21832286211003937
0.21035783562437432
0.20222272232584929
0.19481773849144066
0.1871325095496241
0.17955311839518548
0.1748280498736683
0.16961818020968608
0.16938646325450654
0.1680260891524794
0.16057457692155597
0.15482273552677636
0.1504903462836136
0.1445857360912356
0.14027502246135956
0.14592622262733038
0.1397399899545659
0.14440864325718128
0.13989992931100284
0.14546026266623718
0.14216816343107475
0.1386926544821682
0.1393055347714227
0.13700112994244779
0.13203484628699116
0.12708949470839806
0.13613782414273654
0.13140039071268558
0.12486912060133122
0.13286287116308648
0.12827181598306048
0.12382087185279408
0.12298125081048573
0.12082819427382858
0.11621225156782543
0.12702193802484918
0.12859549036585594
0.12720046406934502
0.12692414537481145
0.1288485561856255
0.12530034472198123
0.12415405036560044
0.13725588109562495
0.13618062054548763
0.13651746600275655
0.14125684434742763
0.14128258597421176
0.14532986489069805
0.1607605665620136
0.15466819977931878
0.1498303754757169
0.15275735500547571
0.15345780804273895
0.1565542578480705
0.1497527271755767
0.14790307627679047
0.14191061873443223
0.16044955554519114
0.15364655932252783
0.15438350897020306
0.149148171169143
0.17533388157967178
0.17140924758864823
0.1632583401237141
0.16080251224166764
0.15329731839229677
0.15097316596654053
0.14471113118253173
0.14296125990276168
0.13472771894230368
0.1335189962590756
0.1311725616871694
0.1279132511303801
0.14882996864650627
0.14280439475554763
0.14169935918885745
0.18723475209932958
0.17860079558642283
0.17074815383449304
0.17007740046468312
0.15794937472317916
0.14710443443474647
0.15765010950018032
0.15174947712772996
0.14300080779857216
0.14009491155388204
0.13461302109419893
0.12284618429606504
0.11567168282988724
0.1049367281938272
0.09906131611525631
0.10272812169800206
0.11205603639646894
0.10271846586473313
0.09228101163702151
0.08576803139064716
0.11375969730030616
0.1044608124964606
0.10201453204732637
0.09246340552906537
0.08540233741563559
0.1021791056214138
0.09812974002019588
0.1790547379981503
0.22011458179241422
0.20289493915751794
0.20502835590281654
0.18833475300693817
0.1669379692856573
0.15075803514385883
0.12989346971964166
0.12494232729951041
0.10451920255545824
0.08699836048624682
0.08689549416935005
0.11446801818606828
0.10100092684505703
0.08770429422562538
0.08134497259626544
0.06833737953275582
0.055491361440032305
0.04843483317170985
0.03586851928367678
0.027979938838069693
0.03856415462260255
0.031576797105089996
0.0
0.0
0.0
0.0
0.0
0.0
0.0
0.0
0.0
0.0
0.0
0.0
0.0
0.0
0.0
0.0
0.0
0.0
0.0
0.0
0.0
0.0
0.0
0.0
0.0
0.0
0.0
0.0
0.0
0.0
0.0
0.0
0.0
0.0
