The combination of impact cases are [94, 26, 95, 21, 17, 2, 60, 24, 13, 23, 67, 50, 5, 68, 51, 69, 37, 16, 83, 1]
2124.099476148942
20.04471709375518
9.600700948293408
6.120713159916668
4.387474431778424
3.3519046295260506
2.665263765444137
2.177506913787955
1.8155148179809002
1.5382177825598864
1.3205321898620102
1.1460854854155431
1.0019313810185828
0.8818641503798291
0.7813653577354852
0.6974463381070402
0.6284509457273401
0.5726503501710889
0.555645476725509
0.5140467560421232
0.47272398571078744
0.4370341807907908
0.4286906182444094
0.40145234635934535
0.37599501397195145
0.35415595254494975
0.35482620209475757
0.3361104171338915
0.3200115193688972
0.32317785924404135
0.30817925851497124
0.29270276924863137
0.277136332812454
0.2665192181663123
0.25466876592725013
0.24512848934436893
0.23452683613553973
0.22534625163611693
0.23370052807826217
0.2265616200649447
0.22349398172818663
0.21643887585392385
0.21206307182714207
0.20518914513976275
0.19949753974379267
0.1949452817199266
0.19164780732895237
0.18835315820678547
0.18490918682665503
0.18470696174916787
0.1795244710197891
0.17440141094958453
0.1695924433954795
0.16478255688938898
0.15905764352389135
0.15421793443695117
0.16064006270070305
0.1557755705792985
0.16117768591885379
0.15514972015056286
0.16120359012267776
0.1563579402703526
0.14912736759781156
0.14549435612090356
0.14046649442475037
0.13466349044964182
0.13257046234851305
0.13973948691501942
0.13511399879839306
0.13470816585857354
0.14622508921729518
0.14404173197307332
0.1417264925204223
0.13814065944158244
0.13585758766099731
0.13180068768564904
0.1465258323883907
0.14444036038269958
0.14438588615211306
0.14323328594271234
0.14741006587754507
0.1416219328688901
0.13841492972997244
0.1507593528572812
0.1499680312997868
0.1590158331909366
0.1576641735827305
0.15334475432728334
0.15545420456506054
0.1725684388896334
0.16612408221796404
0.16890228059179369
0.16705409670398597
0.16833018410743764
0.16034304168780295
0.15238676131511655
0.14967992557407162
0.14535321675934096
0.16631571700523634
0.15675660807745395
0.15018165200004074
0.14032319751724648
0.16719116422541244
0.16062710950665443
0.16337481258512282
0.15735895407671058
0.15036565764600113
0.14536029168094816
0.14476252834239253
0.13753609187105859
0.13275432173484455
0.12416944486774383
0.12010849884056261
0.11877449756784383
0.14089548947882222
0.1350583809307555
0.12660731725683425
0.1652738927919695
0.1577785885686644
0.15503695066077847
0.14339404208572235
0.1336614503932927
0.13296687549293426
0.12478035301656666
0.11819544098968601
0.11392210005128428
0.11234294246159154
0.11242037861941459
0.10682202520643395
0.09909402284013691
0.08551229310615009
0.07954535209229643
0.09211669421646212
0.08447392198099615
0.07140668384866465
0.06897070461472427
0.05620960348318606
0.0696215956835057
0.06694407770550076
0.06318995158739324
0.07038969164946474
0.05925296598404491
0.056849919966423176
0.04596361890689593
0.07588187868569235
0.09129691678261267
0.07697394637222463
0.06284583305130904
0.04890862728087227
0.03515848554269705
0.023957507374877132
0.017176780906535048
0.010485268653652817
0.0038812214322198526
0.0
0.0
0.0
0.0
0.0
0.0
0.0
0.0
0.0
0.0
0.0
0.0
0.0
0.0
0.0
0.0
0.0
0.0
0.0
0.0
0.0
0.0
0.0
0.0
0.0
0.0
0.0
0.0
0.0
0.0
0.0
0.0
0.0
0.0
0.0
0.0
0.0
0.0
0.0
0.0
0.0
0.0
0.0
0.0
0.0
0.0
0.0
