The combination of impact cases are [72, 50, 60, 56, 24, 11, 9, 23, 85, 66, 28, 96, 78, 98, 34, 43, 95, 37, 68, 75, 5, 57, 88, 4, 41, 86, 10, 83, 36, 61, 58, 82, 92, 32, 1, 51, 14, 8, 19, 81]
1965.9307943217163
18.47783771260335
8.810695296284747
5.5942564251025395
3.9970131368749944
3.048256577178368
2.4215087250716403
1.9785270045512182
1.6518624655981122
1.4009798618173843
1.2018897933229928
1.041428848860864
0.9098360412860433
0.8012340364406887
0.7113284730895235
0.6358219187561454
0.5783141868953195
0.5255243284817556
0.491683780599653
0.4529454765983058
0.4154932450341306
0.38342587137407874
0.37546617376859015
0.35137202497821685
0.330005601800635
0.31013224474463924
0.3091388999986029
0.30227680771822335
0.28887111245038766
0.28447463528833994
0.28200807320371857
0.2702808333461699
0.25858766272674855
0.2503123916783336
0.24283786160002543
0.23379716173655987
0.23144923875165244
0.22298033377450818
0.223882742549503
0.21636910500744738
0.21082147848520985
0.20313681943219772
0.20400567798046962
0.19883984336836014
0.19443206575219543
0.1913600098338846
0.18837455054583402
0.18427670331131626
0.18049801124143489
0.17705997323747225
0.17445700344744533
0.17012789511013227
0.16714984369124328
0.16336487491513035
0.16011786116297763
0.15548218457916851
0.1572737072241096
0.1534514275632839
0.15370779717251087
0.15162416345613464
0.16059452788662398
0.1576191762773151
0.1543775327007794
0.15533236262694397
0.15191663872171404
0.14713107162938582
0.14138987304429185
0.1497962337561009
0.1451060694480675
0.1423483658520338
0.1471064253648516
0.14333361299583053
0.1443929880451508
0.1382392371279914
0.13362273175979325
0.1268246530630364
0.12818321608124808
0.12217202189827664
0.12513193536241385
0.12034518578071189
0.1193694403049537
0.11850376992412642
0.11650632985563955
0.11745747589002001
0.1140074359203625
0.10895195392385104
0.10801379282325424
0.10625573673716168
0.10649618415692615
0.10864293861762317
0.1094296944646737
0.10423252825853685
0.09821265549789306
0.09499700877897185
0.09204866612922558
0.08764184762668942
0.08302145365802589
0.07824377981049616
0.07880707760636894
0.07850318845111695
0.08359046078888559
0.08150155055446144
0.08622276892341495
0.08183860870864074
0.0781258639931071
0.07541217072899989
0.07544226256245429
0.07414211675536173
0.07676701313080561
0.07251994993531577
0.07057073409137164
0.06746579440464948
0.06311643719719169
0.06217988998409872
0.06732855449831467
0.07127675547302971
0.07295696696103214
0.07656828873728498
0.07198976692849669
0.0661637862967517
0.06207316457255308
0.0593701226748704
0.0627190763463365
0.06493288652535575
0.06223896990631059
0.057265095873533206
0.06832814924188671
0.06354464457441958
0.07134444285334747
0.06506433991947289
0.05835931037851855
0.05239645535787734
0.052684828386470144
0.048465630776330315
0.043853277025973844
0.038690145467103546
0.03548843337732581
0.03773444709805607
0.0377889038812325
0.03497642130557885
0.0399719096427526
0.06355012909304375
0.06897016806298585
0.06626464201073412
0.090785792446397
0.09644179739694586
0.08792522649695292
0.08908391666020023
0.0808278540896736
0.07021898321667852
0.06340026388449085
0.05635834440655331
0.057228529322928795
0.0503189905616192
0.08699836048624682
0.08689549416935005
0.11446801818606828
0.10100092684505703
0.08770429422562538
0.08134497259626544
0.06833737953275582
0.055491361440032305
0.04843483317170985
0.03586851928367678
0.027979938838069693
0.03856415462260255
0.031576797105089996
0.0
0.0
0.0
0.0
0.0
0.0
0.0
0.0
0.0
0.0
0.0
0.0
0.0
0.0
0.0
0.0
0.0
0.0
0.0
0.0
0.0
0.0
0.0
0.0
0.0
0.0
0.0
0.0
0.0
0.0
0.0
0.0
0.0
0.0
