The combination of impact cases are [45, 83, 2, 6, 73]
1926.701838194142
18.089968084614295
8.599218736138251
5.42244167384421
3.8454512413080812
2.920121102453448
2.3088130071007353
1.8719213765057843
1.5437706941200786
1.2908918034319907
1.0908370049214446
0.9306595204354035
0.8010165298615786
0.6932612945120404
0.6043706309933599
0.5310118117954302
0.47201897778642526
0.42547600512118583
0.3894984674602711
0.35954859134242667
0.33552324910831416
0.31597574517668997
0.37900757134034074
0.36848411952613946
0.36167680450492395
0.3496716591092815
0.3325197528435801
0.31832439343109603
0.30652240654529045
0.293070117746207
0.28387190148101854
0.27810153196056925
0.27755362658322535
0.2752298113877367
0.27464469131271896
0.2708843642597542
0.26288751967210655
0.2527230978318708
0.24193417135446743
0.23618045714038835
0.23012055807585458
0.22217241999830567
0.21584890565131526
0.2071454830752196
0.19980552372383986
0.18800080603712233
0.1785541678368977
0.17362038595945153
0.1733974418499396
0.1619424083838569
0.1504117813519443
0.14601162514584407
0.13641683429918922
0.1275463517529532
0.11906268086611979
0.11319141992115744
0.10872002339822555
0.10618751589689276
0.09925810774410701
0.09331926312412955
0.11862413422499185
0.11221776453109694
0.11404711648799756
0.12467555023569388
0.11445799337530899
0.104028845769556
0.09443675899544665
0.08485837839515888
0.07612609987006302
0.06890106603381943
0.06660687231964374
0.0662586970851592
0.06440760445339176
0.06152682353200656
0.0589667068873274
0.05860233782384426
0.08269348632891305
0.07933259433293204
0.07839470145332875
0.09363393618611612
0.1144156629064276
0.10741527083710115
0.09783600023720065
0.09896669417597156
0.09064671302682681
0.09383682593569889
0.1022785952444123
0.09474956297247779
0.08679874818119904
0.07995173921426496
0.07780700954160917
0.07068239763336925
0.07840325909441972
0.07399858673415671
0.06727629251335905
0.061637237631126184
0.05643730809666626
0.05373474751004714
0.10398327053986176
0.10009984339182704
0.11069469390166842
0.10724682111993564
0.11693621177252558
0.12527764770634425
0.123301685221366
0.1331195845488149
0.1281598586066124
0.12964357997526285
0.13308951655762802
0.13029509102790557
0.12780032294133425
0.12590365881728174
0.11585184510608507
0.10597792385868332
0.1035455379439949
0.11070922596338843
0.1103515515347328
0.0
0.0
0.0
0.0
0.0
0.0
0.0
0.0
0.0
0.0
0.0
0.0
0.0
0.0
0.0
0.0
0.0
0.0
0.0
0.0
0.0
0.0
0.0
0.0
0.0
0.0
0.0
0.0
0.0
0.0
0.0
0.0
0.0
0.0
0.0
0.0
0.0
0.0
0.0
0.0
0.0
0.0
0.0
0.0
0.0
0.0
0.0
0.0
0.0
0.0
0.0
0.0
0.0
0.0
0.0
0.0
0.0
0.0
0.0
0.0
0.0
0.0
0.0
0.0
0.0
0.0
0.0
0.0
0.0
0.0
0.0
0.0
0.0
0.0
0.0
0.0
0.0
0.0
0.0
0.0
0.0
0.0
0.0
0.0
