The combination of impact cases are [72, 69, 89, 18, 39, 36, 25, 7, 82, 62, 47, 81, 37, 80, 10, 53, 55, 95, 20, 66, 75, 41, 85, 9, 8, 88, 68, 51, 76, 3, 31, 71, 40, 86, 61, 15, 58, 97, 67, 63, 59, 45, 94, 11, 24, 23, 2, 60, 91, 4, 77, 90, 35, 1, 29, 19, 16, 42, 14, 57]
1835.14380014385
17.183523208029293
8.161577024733203
5.161881321258629
3.672060828188228
2.7857275202593916
2.2002424045721347
1.7883778940138892
1.4860612704373892
1.2552257771914357
1.0736352518699017
0.9288374594034983
0.8109405608034309
0.7125041071252902
0.6305188193645381
0.5626509392531152
0.5084804504681729
0.4631422325325275
0.4246049688384275
0.3914123612742689
0.3625095795924129
0.33743188878280017
0.3156631733213802
0.29825955804771065
0.28244024501641873
0.2682604485732983
0.2542983734033694
0.24168072942714958
0.23105961049003548
0.2219838983166268
0.21482119668308475
0.20803950202398308
0.20196711282197943
0.19734061983229184
0.19216953619685215
0.18683246533661046
0.1803617569698409
0.1732925538719457
0.1677642744805291
0.16194929188534513
0.15726529225629118
0.15074098513109693
0.14570859085535756
0.14133134323631213
0.13746370004042174
0.13351393788195026
0.13031424701000074
0.12662085073879878
0.12375501866111414
0.12000549552443197
0.11734775996439666
0.11358937660610546
0.1106229471208809
0.10754336179748446
0.10350574877761046
0.09989896325596659
0.09554748784289549
0.09210489281610715
0.08819918997054177
0.0846068067579298
0.08162037633558866
0.0792678255709617
0.07659834362835417
0.07424640022396042
0.07156852875898205
0.06944309281437475
0.06775540205794063
0.06505389079847167
0.06321966511099528
0.062457431138696756
0.060423703305812725
0.05919211756931595
0.05872627417167148
0.05676476587120294
0.05541137370411296
0.05374036600634213
0.05128478485083273
0.049155021176085355
0.04809011284951801
0.048323104521741225
0.04825234063907567
0.048105283994857265
0.04686589427097298
0.04474040163642464
0.04286039241788605
0.042020042836176545
0.042207967478758206
0.04041552552766476
0.03971513555178965
0.0377397896265412
0.03486375590230062
0.033073446441300704
0.032033709025859676
0.030818655991552684
0.030193535597019
0.028511994598133594
0.026789049525136194
0.024372118098823607
0.02254681065287803
0.02141317099531951
0.02052612505181843
0.019401838995296558
0.017933368047540626
0.01678613584536348
0.015168935397141868
0.014948905499762952
0.013980001117653455
0.012838539013930887
0.014302776944891248
0.013070639665130626
0.012113897783714406
0.011878674987801785
0.010872832609895454
0.00995274151002951
0.009344569745012628
0.008360792462697142
0.00790130918104848
0.007187286067354097
0.00675499402499054
0.005875627498098076
0.005843390947746438
0.005626163929500682
0.005052467409414206
0.004554031409156677
0.004205540281301541
0.0037084210367997967
0.003718541552434791
0.0032778177744283974
0.00338682873161855
0.0030462453721379875
0.0025919995510610347
0.0021346972621389105
0.003069144792744946
0.0026956747215306706
0.0024219266901679254
0.0021670514589904504
0.0019522575899490956
0.0018028958133849931
0.0016714892797496748
0.0015151168468642462
0.0014482901437826374
0.0013572606252800624
0.0015144871923977155
0.0015092765342322458
0.0012673307683369161
0.001582928116880542
0.0013437920211977832
0.0015076127879327355
0.0013848218995251905
0.0012636791003464926
0.0011441514308094872
0.0010262068043708356
0.0009098139788143691
0.0007949425286605076
0.0006815628186505448
0.0007923254877482976
0.0010701251862687401
0.0009571591853996902
0.0008456230434068078
0.0007354897835174674
0.0006267331033362078
0.0005193273539026497
0.0004132475195249776
0.0003084691983557233
0.0002049685836781464
0.00010272244587304924
8.991494263813818e-05
0.0
0.0
0.0
0.0
0.0
0.0
0.0
0.0
0.0
0.0
0.0
0.0
0.0
0.0
0.0
0.0
0.0
0.0
0.0
0.0
0.0
0.0
0.0
0.0
0.0
0.0
0.0
0.0
0.0
0.0
0.0
0.0
0.0
0.0
