The combination of impact cases are [63, 3, 13, 57, 96, 76, 90, 39, 10, 79, 88, 28, 61, 27, 100, 85, 38, 18, 2, 97]
2091.329517500743
19.71897255689759
9.426534898305897
5.996054919102528
4.289915719093629
3.273617598412809
2.60130263686786
2.1261728339171833
1.774783077059245
1.5060117477901607
1.2942891116210298
1.1243892559013517
0.9827264214221326
0.864482338660183
0.7660630918810215
0.6847802171144389
0.6154285216431491
0.557534816875384
0.5079480831116512
0.46429806451358235
0.4269505697162815
0.3968684045083198
0.37164425864064227
0.3500815186404782
0.33021660826767096
0.3175481019339984
0.2989614931605093
0.28247199114155236
0.268091589374676
0.2560333979818961
0.24566786648748618
0.23745377280041186
0.2310824484480625
0.22595524839182196
0.22131474780976723
0.21599079451143854
0.21036864829801488
0.20467415151707738
0.19962353036318292
0.19517518446148424
0.19152720293300468
0.18598411237595308
0.18247791805286973
0.1777525198470677
0.17321575446158227
0.16824471739695332
0.1635730946267403
0.15979610381409615
0.1572288511579202
0.15462192252640639
0.14850011503076493
0.14189321758045276
0.13771090108440595
0.13353368566054513
0.12728971509609263
0.12235654977316793
0.11814097422619767
0.11431472255281758
0.10966670530422686
0.1052009153917607
0.10053110397444451
0.09816571380922544
0.09514766196791423
0.09257815179568381
0.08984179999533849
0.08809563994397564
0.08717297640042568
0.08477246804092958
0.0818184592866128
0.07964332610934254
0.07795570752818447
0.07684038281726624
0.0745678930487777
0.07059753199563748
0.07072700588040481
0.07008485706937714
0.06553970560368483
0.061742151019905975
0.058949908852933115
0.05960550836415938
0.0606377136460967
0.0597666468730501
0.05887343395673754
0.0571355866058179
0.05396482943524901
0.05212186076526907
0.05260826475972283
0.050287345147607486
0.04850773580465784
0.04777388249616669
0.04601467200343824
0.04394623954283413
0.04335311414978546
0.042310389584788013
0.04053057746276727
0.03990960912901709
0.03815387818815468
0.03716802965177349
0.03551197751775734
0.034311200462023135
0.03373068469944222
0.03432491631060944
0.03443369338188193
0.03386039922871485
0.03149296564090856
0.031426980093693026
0.030385485390857624
0.02936735528496273
0.03057006637940986
0.028992917735599238
0.028825960428226396
0.02720067101178572
0.025606059084324423
0.024237247098759924
0.02402597110814493
0.023560862427669586
0.02291045632953989
0.02192271274042997
0.021239659652622804
0.01942323814146792
0.019151135696626003
0.01950927037263175
0.01766756545965609
0.017081217104585714
0.016022166499019157
0.014477796019540315
0.0156863512461973
0.014864250433876465
0.01440763957081539
0.012937051590742639
0.011745343128234664
0.01076377194058026
0.010110696209056021
0.009639574561601966
0.010338972133684309
0.00955158374070889
0.009341422731408292
0.008531109411125531
0.007984126952967215
0.007365091700434707
0.006787354674032508
0.006467098392267677
0.007653778069072576
0.007616397150579212
0.0071186111051313
0.008042531495092334
0.007544286144479979
0.008008758904297697
0.007527045847635328
0.006805436254407932
0.006340026388449086
0.005635834440655331
0.005722852932292879
0.00503189905616192
0.00434991802431234
0.004344774708467503
0.005723400909303414
0.005050046342252852
0.004385214711281269
0.004067248629813273
0.0034168689766377906
0.0027745680720016154
0.0024217416585854924
0.0017934259641838386
0.0013989969419034845
0.0019282077311301275
0.0015788398552544999
0.0010018733347844156
0.0006983088256302327
0.0003983365833035284
0.00010189321858925203
0.0
0.0
0.0
0.0
0.0
0.0
0.0
0.0
0.0
0.0
0.0
0.0
0.0
0.0
0.0
0.0
0.0
0.0
0.0
0.0
0.0
0.0
0.0
0.0
0.0
0.0
0.0
0.0
0.0
0.0
