The combination of impact cases are [66, 4, 81, 97, 5, 13, 15, 25, 88, 27]
2431.0979646856003
23.082454812195184
11.105553118361295
7.092261410677159
5.08596742157121
3.886707699290628
3.0935758572594816
2.533019759039957
2.1159533426460575
1.7944469599987176
1.539853847095759
1.3359420680297303
1.1678135572325543
1.0282152050099884
0.9125611255167649
0.816294065932463
0.7371685037664419
0.6722806967889099
0.6171343484486846
0.5661406856351254
0.5204682142074806
0.4807804104632746
0.44605384380208724
0.4153409605233198
0.3883084979603264
0.36515387015996126
0.34400233294063
0.3248140978892662
0.30666678349538284
0.28888178812469717
0.27268153371428305
0.2573569587658884
0.2430768994117981
0.23008480439748913
0.2185269849303547
0.20768758461719936
0.19744274236458448
0.188586439966564
0.18076106131616393
0.17479872944063227
0.17216920603229532
0.16828866745243995
0.16844165371151584
0.16583237838312626
0.16371885764443192
0.1612792264443106
0.15741195340583203
0.15438783099135903
0.1526407153150408
0.15495724221463603
0.14985141940111413
0.14574772059612429
0.14064602138501495
0.13527944000123238
0.1296572464135414
0.12486804053515274
0.1212144567316232
0.11992845368794092
0.11769892481199146
0.11566676960478164
0.11480254924040612
0.1145549442695903
0.11307043930256994
0.11225605714866099
0.10909682257625374
0.1065356545736706
0.10413706699247628
0.1006839876569707
0.09795272113177511
0.09669730584797136
0.09129437649564581
0.08932892060580806
0.09684803281843563
0.0909844908916106
0.0871274044561535
0.08323926207246503
0.08077558314598632
0.07851261385849408
0.07646607208917267
0.07515388241504184
0.07395252964373945
0.07145227194992264
0.06873527992827175
0.06565229650132128
0.0652896011705112
0.06322758069949463
0.0620566625131706
0.05980806696610476
0.058237502204208445
0.05841998738083094
0.05535725752239161
0.053610129766333434
0.050563357780954665
0.050114129914138404
0.04945695496400941
0.05053457499578493
0.045965221368039974
0.04452386634991473
0.04171803256312762
0.03866088190282554
0.037290710514928736
0.03686795457777224
0.03700217841418961
0.037636777210254144
0.03256975418422329
0.030965497261518433
0.03179681531940462
0.03242740819474406
0.03864235196155224
0.03370113235334367
0.030421743376232543
0.029084587449722425
0.02436103968534568
0.02236390782006771
0.017782170204691153
0.01623163791289845
0.016979498802629563
0.013837734601721396
0.012025703979776991
0.01024412509490222
0.009460532029884713
0.008856784151812132
0.007144983616643966
0.00713976936494264
0.006275808644573798
0.005425670189894312
0.0058979101407339776
0.005064133983550868
0.005817027021115039
0.004996803576335703
0.004189197983131223
0.0033939213051259382
0.003926659464831976
0.0031453147608688182
0.004976281927385366
0.004198737437802425
0.0034326265852568233
0.0026776990164094866
0.0019337116340140165
0.0012004283359250054
0.00047761976529075046
0.0
0.0
0.0
0.0
0.0
0.0
0.0
0.0
0.0
0.0
0.0
0.0
0.0
0.0
0.0
0.0
0.0
0.0
0.0
0.0
0.0
0.0
0.0
0.0
0.0
0.0
0.0
0.0
0.0
0.0
0.0
0.0
0.0
0.0
0.0
0.0
0.0
0.0
0.0
0.0
0.0
0.0
0.0
0.0
0.0
0.0
0.0
0.0
0.0
0.0
0.0
0.0
0.0
0.0
0.0
0.0
0.0
0.0
0.0
0.0
