The combination of impact cases are [42, 15, 40, 35, 92, 46, 62, 19, 61, 57, 10, 82, 29, 97, 30, 37, 51, 36, 70, 76]
2171.1879335250505
20.510067179928352
9.826059955238398
6.269214717885915
4.500827926814349
3.4469322044998676
2.7450581284914133
2.244733381502613
1.8724194461709123
1.5859925961463381
1.3602277890665329
1.1777344778218615
1.027028924351791
0.9018989392431711
0.7971432352953961
0.7103884025526718
0.6394830397437686
0.5794990718833561
0.5559543306714765
0.5090079149050525
0.4702427079317126
0.4367783776446159
0.4288043930449055
0.4008412826716003
0.3766091242112059
0.35613025723859265
0.3572229110569697
0.34086139800866866
0.32621121611536263
0.3315927858238841
0.3203899513966045
0.3100226734896589
0.3013508074828415
0.2937289603523471
0.2868621510904173
0.27943465848155924
0.2709618466600125
0.26201961594895845
0.2730546788572676
0.26631694471493894
0.2612983669134703
0.25146640858217184
0.2430990618140464
0.23673766548169345
0.23058450396326105
0.22336470779390927
0.21721072291425159
0.21160126712646585
0.2063611171990529
0.20004006445581193
0.19331880513553273
0.18711841395025167
0.1821075870719604
0.17486707959520245
0.1687172647605527
0.16290858255801577
0.17015796461894558
0.16343183694160782
0.17108368602147495
0.1669815412290657
0.17250812009824376
0.16714587147532717
0.16020164988372637
0.15531697847354234
0.1488322195485634
0.14427656784559434
0.13913671691835933
0.1467618671367548
0.14170042771814376
0.13546736092089706
0.14292634871943802
0.13847249219519428
0.1326363280643144
0.1339459791250513
0.13285546044208013
0.12753526689147987
0.13862850742597577
0.14270111926026852
0.14088831954417114
0.14220686465957916
0.14086700380096592
0.14067869775614048
0.13972648863947212
0.15091283960417975
0.14473674117070043
0.14096492153043214
0.13668436210008114
0.1344863607618355
0.13156914194642633
0.14128460025893377
0.139961384997021
0.13651641703776032
0.13514746321520538
0.1334097835771939
0.12905308477714644
0.12520963829781467
0.1189860671748081
0.11392911411547474
0.1258815194424592
0.12129605224262006
0.12036777338236922
0.11617171684427234
0.1375366680491204
0.12865658343060107
0.12544004524215252
0.13252671409976527
0.12401355697697934
0.11685186722338
0.1158365632387154
0.10696782201667651
0.10353872858701398
0.09368823366652486
0.08221122223012906
0.07553891704357192
0.08338026735031406
0.08128900244109877
0.07485701337017817
0.09276303988010563
0.08195402621777449
0.07495369300622487
0.06984434823896947
0.059458489061333844
0.04950198859763237
0.04749063989453627
0.04645684618643657
0.04197677181879671
0.037862470579915805
0.039612021517763885
0.0355748975823158
0.031407305881493444
0.02767724112944431
0.02380429980044656
0.024434658157991097
0.03225183703626955
0.029425895059884785
0.02693816727339811
0.025213690480424676
0.03377253491373507
0.029977533596467515
0.02543143754482647
0.023569641007692786
0.022016142658717413
0.030385511140969663
0.033830681521382286
0.060247562894610474
0.08618838470304871
0.07874924778788339
0.09045676727596413
0.08308931397151142
0.07582074602078956
0.06864908584856923
0.06157240826225013
0.054588838728862145
0.047696551719630456
0.04089376911903269
0.04753952926489785
0.0642075111761244
0.05742955112398142
0.050737382604408465
0.044129387011048044
0.03760398620017247
0.03115964123415898
0.024794851171498655
0.0185081519013434
0.012298115020688784
0.006163346752382955
0.005394896558288291
0.0
0.0
0.0
0.0
0.0
0.0
0.0
0.0
0.0
0.0
0.0
0.0
0.0
0.0
0.0
0.0
0.0
0.0
0.0
0.0
0.0
0.0
0.0
0.0
0.0
0.0
0.0
0.0
0.0
0.0
0.0
0.0
0.0
0.0
