The combination of impact cases are [80, 99, 36, 35, 38, 13, 50, 39, 56, 100, 67, 11, 40, 52, 25, 95, 3, 97, 79, 21, 1, 72, 53, 82, 51, 44, 71, 5, 87, 85, 29, 46, 31, 47, 75, 98, 64, 63, 57, 77]
1882.8173709089237
17.65632504215661
8.394814149534646
5.311558578954227
3.784771347118572
2.8783090466841363
2.2837104271889563
1.8657826760004104
1.5580164005420933
1.3220982459800394
1.1351709869161324
0.9866799903080122
0.8667261662788595
0.7638097516024218
0.6754083219692614
0.6035219485670795
0.5429410348570242
0.49276024260813595
0.45166533764099354
0.41708485661268735
0.38370236468991326
0.3537815441721774
0.3283012898393283
0.30750124719555494
0.28845970908408425
0.2727816140786467
0.25527339957180295
0.2399621901232715
0.22651594490703253
0.21537777382696238
0.2068543334007955
0.19953526611906305
0.19346536746366222
0.18820782292317292
0.18298060538430613
0.17700625889649682
0.17089530639917247
0.16537897696546122
0.1606247302908553
0.15660924203856766
0.15378809054327153
0.14900059746414956
0.14564129521181796
0.14192931045516205
0.1397334878049055
0.1364887737857482
0.1334297038793362
0.1300177127936857
0.12708266824752282
0.12470439809923818
0.12185165661752596
0.11710283309506048
0.11337370325198688
0.11014959268134757
0.1062710788113671
0.10319596731993375
0.09905743110208962
0.09639087758829552
0.09339218210269958
0.09027948605502283
0.08823550051117925
0.08473367890612869
0.08262443251733395
0.07945306727510691
0.07696257732008788
0.07314936013960775
0.07127700072199361
0.06922532840688517
0.06566441767020295
0.06213984897286801
0.05873070154649899
0.057628433480886136
0.055217831817647466
0.053341640636653004
0.05457053267513468
0.05250316707214638
0.05003540305139468
0.048261902176782945
0.04658764852721172
0.04598148175495062
0.04565569681021135
0.04592430465841101
0.04535942443440094
0.042906294379456276
0.042475013115051335
0.0413593052751955
0.04105258190393889
0.0391461852255712
0.03799202911428953
0.03728643376448177
0.03465566115939108
0.03276375315964093
0.03200543319217224
0.03010850748229758
0.02822828844955873
0.026529987479021962
0.0254382212041168
0.02325684332511173
0.0215462011196891
0.02025210902778198
0.020104910808014548
0.019879236662116335
0.019339904407002017
0.017886913615303722
0.01683407505469562
0.016313332348058134
0.014696737592840207
0.01424131193618445
0.015311304076174842
0.014494561874175587
0.013278121766766193
0.01189272818897687
0.011385281087620642
0.01206785083350439
0.012096613135791091
0.011394943355390954
0.011101751507464574
0.010177966813558868
0.009304409528273435
0.00835308700660085
0.007787677144888819
0.0074149601157254665
0.008713859996044635
0.008313338459769845
0.007452470004951463
0.007089601511954649
0.0073042456009511855
0.00645939680811198
0.005799474264228286
0.00518734526888528
0.004378274083097025
0.0038377565628996795
0.004495317639545651
0.0037352274397599826
0.00314769496348224
0.0025688660272993437
0.001998548655472817
0.0016049536999696782
0.0012609598081492366
0.0014111675966822323
0.0012225298743598375
0.001036567674647941
0.0012820662465344017
0.0010982884257201878
0.0009170628973881083
0.0014815987972641895
0.001300230406697959
0.0011213294454215641
0.0009448459013557898
0.000770731104937466
0.0005989376843719283
0.0004294195226633762
0.00026213171634132044
9.703053580549631e-05
0.0
0.0
0.0
0.0
0.0
0.0
0.0
0.0
0.0
0.0
0.0
0.0
0.0
0.0
0.0
0.0
0.0
0.0
0.0
0.0
0.0
0.0
0.0
0.0
0.0
0.0
0.0
0.0
0.0
0.0
0.0
0.0
0.0
0.0
0.0
0.0
0.0
0.0
0.0
0.0
0.0
0.0
0.0
0.0
0.0
0.0
0.0
