The combination of impact cases are [100, 67, 22, 9, 47, 84, 87, 98, 32, 33]
1861.8408443068938
17.446351569999887
8.281363359958114
5.223732365181126
3.701535365471967
2.7970952085255814
2.2015343141333727
1.7832903182508228
1.4760508542668438
1.2430817341929346
1.0630620279615484
0.9197196240338397
0.8038587986358794
0.7087724159186892
0.631042248118425
0.5643785998749474
0.5235882430938269
0.4735200097394183
0.43272872405478535
0.4050614806465951
0.37519159141311675
0.3457470356140981
0.31792873242731273
0.293419543387565
0.2725401191431582
0.25461864170357595
0.2384881741934846
0.22589218439475445
0.21478113615052918
0.20368846249647743
0.19496434390099396
0.18546162939513103
0.17663634233854403
0.1687401947317421
0.15908685220251478
0.1501724684288391
0.14243054001286357
0.13647517533412504
0.13148263567886762
0.12716186928896114
0.12189174876867732
0.11635197061403223
0.11138888704615063
0.1079186966946461
0.10547206653360405
0.10313809852238887
0.09946240711133535
0.09648280982998636
0.09233581426114015
0.09095649617505805
0.09477022038714296
0.08774438543785931
0.08504818575611349
0.08513608979618276
0.07937273082675093
0.0756920337463649
0.0720648463089861
0.06975110345955991
0.06829457352019211
0.06719290413488559
0.0663315400395151
0.06525442772153184
0.06473424004481303
0.06359410246390562
0.060872875052682934
0.057673828512052834
0.05779619343872652
0.057480818570464186
0.057227763933379
0.05580994247259359
0.05530216041127417
0.05597278520953315
0.05528544396809219
0.05526401937725661
0.053630964566263505
0.05357303762679208
0.0526568576662927
0.05554988993095492
0.0552941944723648
0.054439929129344033
0.05162587771868875
0.04818645694803336
0.04730002318049818
0.04561799619965248
0.04878297188048375
0.04998265420484284
0.047676933375336565
0.04548403906301266
0.04388098657313611
0.04312467830718812
0.039164710847819764
0.036850454509634145
0.035832288424526404
0.03264823777762223
0.029772752146714116
0.031408838002812134
0.030943558724267968
0.029968010042783405
0.026125230206838133
0.023859812526704157
0.024115743879472636
0.026543766457447396
0.02236237478636962
0.01970515188009464
0.018071725802826236
0.02001644668455474
0.01699770840349533
0.016366658364846777
0.015048222747655443
0.013950855415362628
0.013009539882459363
0.011090707895043867
0.011724783877538135
0.011522510416634407
0.011983990662340523
0.010140811897531344
0.01064221209232078
0.008842005176739453
0.010079696383430758
0.01201024166824573
0.010243636878770702
0.008506229755309647
0.006797302381317335
0.005116160185229964
0.0034621309992113143
0.001960174794756156
0.0011510312792402165
0.00035462917798030874
0.0
0.0
0.0
0.0
0.0
0.0
0.0
0.0
0.0
0.0
0.0
0.0
0.0
0.0
0.0
0.0
0.0
0.0
0.0
0.0
0.0
0.0
0.0
0.0
0.0
0.0
0.0
0.0
0.0
0.0
0.0
0.0
0.0
0.0
0.0
0.0
0.0
0.0
0.0
0.0
0.0
0.0
0.0
0.0
0.0
0.0
0.0
0.0
0.0
0.0
0.0
0.0
0.0
0.0
0.0
0.0
0.0
0.0
0.0
0.0
0.0
0.0
0.0
0.0
0.0
0.0
0.0
0.0
0.0
0.0
0.0
0.0
0.0
