The combination of impact cases are [73, 5, 3, 25, 11, 82, 1, 53, 88, 23]
1803.5503698721163
16.868052660851664
7.997247141963131
5.054018226912201
3.6009387198157268
2.7441360683727494
2.1716230538759014
1.7603623079876995
1.4530475081842815
1.2177498011022538
1.0324394057040933
0.8857620500319929
0.7661323732539245
0.6681519186435934
0.5878912358971509
0.5216153311542334
0.4649905488084448
0.4190345861731379
0.38655567994990525
0.3625262940673798
0.33412898004333974
0.3124837002689813
0.2986371477139139
0.29100968707460073
0.28191070120417955
0.2716146947552543
0.26117595425807044
0.2500886995948642
0.24026146855019714
0.2320678147471127
0.22469668891188269
0.21784627650200358
0.21125942848995855
0.2069671399684047
0.20107886302156183
0.19283058992241595
0.18432807605565252
0.17641490318023342
0.16688331895282954
0.15772437301188913
0.148807077113617
0.13981998927381262
0.13200806219056452
0.12553456746705222
0.12214678911512623
0.11812868119035057
0.11509065364554173
0.1098965864353204
0.10546251728323455
0.1019170931180753
0.0983223832433131
0.09734188153928304
0.09583674888631544
0.09393554566697401
0.09244697019737438
0.08798387799622538
0.08175804501560875
0.07911246938656226
0.07649095615866953
0.07197990961077949
0.07152637232971706
0.06698678382528743
0.06367104020160694
0.06007715397868336
0.05621710758385408
0.0522831246121834
0.0507443958545392
0.04783834371480142
0.045704333204302436
0.044757162142538796
0.04293725247771811
0.04249646823548702
0.042429747528888465
0.04128729696132534
0.040571394042886316
0.03868400915835758
0.03796385220372171
0.03731050269284683
0.03768721366314294
0.038066974470315346
0.03879220928876395
0.038487126381553084
0.04026507697426322
0.03810218029449908
0.036758528500828426
0.03378240405789264
0.0318517137715897
0.03063493024822974
0.02833245411250982
0.02824115471418372
0.025318676513998807
0.02264381557926253
0.021225343685360786
0.021176078764919778
0.021948988705587563
0.020967378189338904
0.018188334167022584
0.01621925495708219
0.015422457033967102
0.014819167843795191
0.016015631798410045
0.015901976586296003
0.016339120733127415
0.014921207182888089
0.012394005853576032
0.009419108183201231
0.007998869861430677
0.009017921317304585
0.011402152932992345
0.009462861565564612
0.007558826835871873
0.00568909594765497
0.0038527501300544033
0.004691723814171761
0.0028963398748994727
0.001586624842125417
0.0007109535689225077
0.0
0.0
0.0
0.0
0.0
0.0
0.0
0.0
0.0
0.0
0.0
0.0
0.0
0.0
0.0
0.0
0.0
0.0
0.0
0.0
0.0
0.0
0.0
0.0
0.0
0.0
0.0
0.0
0.0
0.0
0.0
0.0
0.0
0.0
0.0
0.0
0.0
0.0
0.0
0.0
0.0
0.0
0.0
0.0
0.0
0.0
0.0
0.0
0.0
0.0
0.0
0.0
0.0
0.0
0.0
0.0
0.0
0.0
0.0
0.0
0.0
0.0
0.0
0.0
0.0
0.0
0.0
0.0
0.0
0.0
0.0
0.0
0.0
0.0
0.0
0.0
0.0
0.0
0.0
0.0
0.0
0.0
0.0
0.0
