The combination of impact cases are [84, 71, 38, 20, 4, 48, 8, 6, 5, 77, 40, 76, 87, 41, 37, 72, 10, 11, 82, 39, 57, 96, 99, 86, 55, 74, 3, 64, 19, 91, 88, 75, 67, 12, 69, 36, 95, 44, 93, 92]
2064.67584616308
19.45611703928737
9.294228634732548
5.89972327980899
4.20712638378626
3.19773663542841
2.5333984729839565
2.0674185421095768
1.7253075083485288
1.4643850214814826
1.2591304271996124
1.0940673315695437
0.9578183846597929
0.8451355824137743
0.7518260484571423
0.6738675765405118
0.607742159177313
0.5512100134767877
0.5159673164542605
0.4728523844384071
0.43601454078177837
0.4051330104522395
0.4000601516486155
0.37740877393397554
0.3572554567545556
0.3410209349112446
0.3401108428695863
0.3315614505419196
0.3142570080708518
0.30836035325773936
0.3052814343610722
0.2936862821986722
0.28421758878403336
0.27638280961027734
0.2701903410230457
0.2612387554857668
0.2600630703942426
0.25130068941195033
0.2516629114683584
0.24325635649170185
0.23551790033764528
0.22700207373226425
0.22718621574091644
0.22061182950736044
0.2153361372829094
0.2096125401195425
0.20508657105087513
0.19918851509282187
0.19452578139377968
0.18979014558576895
0.18552360307690097
0.17972577849365193
0.1744084640853974
0.1698929202141686
0.16584486540046633
0.1612568922726035
0.1611055575531254
0.15622844805531327
0.1562115526481738
0.1512815418437492
0.16087233643643076
0.15739404733193585
0.15323742291408518
0.15728511929436237
0.15347538620855908
0.1471492452812787
0.1436222551872404
0.15039381006764077
0.1451382299275137
0.14054400392739616
0.13958209996831308
0.13640921410698478
0.13055122605110828
0.12605694226983769
0.12361827058776735
0.12050096173879186
0.1230277290806769
0.12097867996316793
0.12519667032766174
0.12619189090279098
0.12534011653391872
0.12423604576620395
0.12251833833543314
0.12547041014722543
0.12142688418316477
0.11805486546819301
0.11898619359342362
0.11583771695610684
0.11398444428789511
0.11923959810791991
0.11907392329224308
0.11351516989228247
0.11049092991352422
0.10575638751187044
0.1036823757371418
0.10226860179324332
0.09812834524429627
0.0945656660337859
0.09700361986092294
0.09935103071497098
0.10741973012658176
0.10784588938045477
0.11112923943752086
0.10678176949703946
0.09983639360868078
0.09707633071987831
0.09264127505630095
0.08561702388247529
0.08580829439142883
0.0804825370019409
0.0789763779501972
0.07646453338995522
0.07218225319858121
0.06954931989905459
0.07164437817787245
0.07393772482643976
0.06890266636109783
0.07074051400967865
0.06894244191715924
0.0624835847858335
0.06224844926003322
0.0596672952858828
0.05508007648738303
0.060820544084222605
0.05934371297380417
0.053550092430779364
0.05728076712986485
0.05572046436465431
0.06525365554438937
0.060312653868603606
0.054926125612613924
0.052167444637591424
0.06001591859576277
0.058926540303128806
0.05706911159455871
0.051808092216122155
0.04850993172769144
0.05324619652376881
0.049470542916877386
0.04836587475042535
0.04449142755784493
0.06866534200958993
0.07768442202071021
0.07258712206387063
0.09673167683197847
0.0988986404568189
0.09836242731584192
0.09851737245164345
0.09019757462161022
0.07952582393853194
0.07146214285317472
0.06105579799091571
0.05860582336565441
0.0503189905616192
0.08699836048624682
0.08689549416935005
0.11446801818606828
0.10100092684505703
0.08770429422562538
0.08134497259626544
0.06833737953275582
0.055491361440032305
0.04843483317170985
0.03586851928367678
0.027979938838069693
0.03856415462260255
0.031576797105089996
0.0
0.0
0.0
0.0
0.0
0.0
0.0
0.0
0.0
0.0
0.0
0.0
0.0
0.0
0.0
0.0
0.0
0.0
0.0
0.0
0.0
0.0
0.0
0.0
0.0
0.0
0.0
0.0
0.0
0.0
0.0
0.0
0.0
0.0
