The combination of impact cases are [86, 28]
1846.1055840139352
17.29060706610076
8.194396061384394
5.1453183029091
3.622758672182731
2.716196000491196
2.120866492636806
1.7029124873172057
1.3976995983090412
1.1645061713989155
0.9826226273551026
0.8390527287462316
0.7264519882018811
0.6375065134690057
0.5650117741303676
0.5022646949444647
0.4448821190721791
0.3946533774621019
0.3508854707443305
0.31339966112660506
0.284203120805848
0.26263288313919503
0.2503210031456684
0.2420177295926078
0.23219410016281722
0.2216943496202694
0.21085486699318548
0.1999551688112975
0.19010387717016008
0.18187649961178787
0.17552982474350998
0.17230563757306733
0.17167299639972283
0.1738103249009186
0.1798646732904387
0.18632539052553976
0.19574216868038458
0.20841089598941887
0.21570148262903793
0.21196314923619736
0.2047528504814275
0.19641904863484994
0.1869600284001609
0.1794675337265543
0.17182917105946524
0.16938277467796123
0.16506930728794778
0.16200830626746404
0.16095165277297024
0.15431191932131708
0.1512500584015407
0.1487140373136719
0.14744578191119026
0.15406571680953188
0.14102968110955227
0.13103961560911132
0.1272820905863536
0.12248414017599527
0.11506077736151946
0.10979918223784463
0.10439338808262424
0.0994759596967187
0.09765437922302238
0.09281167981109564
0.0895049534810456
0.08440954170712206
0.07932591960869206
0.07345358003835448
0.06845603315864555
0.06377747687551795
0.05777623843780682
0.054351188989010216
0.04950317116061424
0.045226341754359
0.040818032634362095
0.03677477514428385
0.03262621310725947
0.028762767989024423
0.03112703008391102
0.030178776466027547
0.026043357479321134
0.024243588111288617
0.021521501420426265
0.02068047696596712
0.019512725973153726
0.015732257817853555
0.022024023989107723
0.02587435944146686
0.04836551878516825
0.04220480071186573
0.03618097227391664
0.03671495278579471
0.03986349170809544
0.03405913208218669
0.0572628139051735
0.051397506979877466
0.04565438122101727
0.04002965821917706
0.0345197137699977
0.029121070086828953
0.023830388480575934
0.018644462474363875
0.013560211323181557
0.008574673910985799
0.0036850029998616272
0.0
0.0
0.0
0.0
0.0
0.0
0.0
0.0
0.0
0.0
0.0
0.0
0.0
0.0
0.0
0.0
0.0
0.0
0.0
0.0
0.0
0.0
0.0
0.0
0.0
0.0
0.0
0.0
0.0
0.0
0.0
0.0
0.0
0.0
0.0
0.0
0.0
0.0
0.0
0.0
0.0
0.0
0.0
0.0
0.0
0.0
0.0
0.0
0.0
0.0
0.0
0.0
0.0
0.0
0.0
0.0
0.0
0.0
0.0
0.0
0.0
0.0
0.0
0.0
0.0
0.0
0.0
0.0
0.0
0.0
0.0
0.0
0.0
0.0
0.0
0.0
0.0
0.0
0.0
0.0
0.0
0.0
0.0
0.0
0.0
0.0
0.0
0.0
0.0
0.0
0.0
0.0
0.0
0.0
0.0
0.0
