The combination of impact cases are [51, 8, 33, 54, 11, 28, 67, 96, 53, 30, 69, 94, 15, 36, 60, 50, 14, 1, 48, 97, 74, 92, 21, 38, 64, 23, 2, 90, 57, 29, 4, 31, 49, 70, 20, 88, 45, 56, 91, 42]
1988.9935190294386
18.70652355870331
8.923613455998197
5.663925418140508
4.042801755758033
3.077953826631615
2.4435930590049617
1.9971153854400006
1.666518844283432
1.412684932261972
1.2127423634797763
1.052225112717135
0.9220672993422967
0.8129731373661314
0.7213071446129742
0.6432636308410087
0.580270076198722
0.5274164664335464
0.49413742286154094
0.4544636961696419
0.4189247431683627
0.38642865385450803
0.3774844098105361
0.3516070260987703
0.32859360644238556
0.3065371632406485
0.3040400484999097
0.2953718604667153
0.28047169467988053
0.27637447308025953
0.2746505329914043
0.26494574342466026
0.2557879656980426
0.24822040150588165
0.24119281200162104
0.23187380165505245
0.22981536614861595
0.22112539301402076
0.22072042805456685
0.21368988794638633
0.20602958812616762
0.19912574547755657
0.2010854458471724
0.19483211552015137
0.18933595250606647
0.18274799142314416
0.17802397747583829
0.17335208022950183
0.1694718265891823
0.1647829510030144
0.1597000057737375
0.15583228427340218
0.15254742401151736
0.1485784882993544
0.14485953593710404
0.14065826290062292
0.14177596840029996
0.13779593617345526
0.13945224213910207
0.13705772935160818
0.14239358941721822
0.13750486768913042
0.1324234501307357
0.1335148738482327
0.1270481527090174
0.12076324550650254
0.11631848084779184
0.12201009904981047
0.1181210646081769
0.11549313280526424
0.11642720694639411
0.11409692721480055
0.1103724634960874
0.10711615948076522
0.10443149540818468
0.10420189032084852
0.10690633102721342
0.1078750516786436
0.11002806081301998
0.10894905523541527
0.10972441803452818
0.1072481132723585
0.10580740043345188
0.11001235486587803
0.10716849276910845
0.10840355870805135
0.10824508424573336
0.10638079561358647
0.10320330996864552
0.10355083582478081
0.10475414937780465
0.10198228413731493
0.09994430577335882
0.09754558759083806
0.09414592497444764
0.09011061401037697
0.08572373234584178
0.07892096958357045
0.08068586216201719
0.08084848456666632
0.0865958141459742
0.08316704057565093
0.08824300293345874
0.08456396201064635
0.08210148224144205
0.08460142963906948
0.0793063419413879
0.07672371683439859
0.0753725648263732
0.0716920532001054
0.06821163940845781
0.06578219345512383
0.06261616211404891
0.06130434991180995
0.06213427005034644
0.06854611087082818
0.06904411092218045
0.0730586927061654
0.06778223064732006
0.0627379828374569
0.062281042111451475
0.05595255785015003
0.05758041899115985
0.06642267724379823
0.0626168346717539
0.058831229575933314
0.06529620271723775
0.06214720574255012
0.06584092074317037
0.061581566245411584
0.05536561688260977
0.05169230147311104
0.0525576110857403
0.05587459460848562
0.05001221494794034
0.04346939926754853
0.03854495631113035
0.038924299788791056
0.03401361965452553
0.033090199716583835
0.02856844985974796
0.042257463171278785
0.04786239632029609
0.04286603899920906
0.05940358755176992
0.06696309854468276
0.062072845684817274
0.0572857943134262
0.05262271951771337
0.04555861163243386
0.041054474647644806
0.034160530728695765
0.03517674428532413
0.028411325417913896
0.04610459136721412
0.039355964904452194
0.05026050700994387
0.04357137572107561
0.036966911621216916
0.037215585585217405
0.030733393332583347
0.024331720205873326
0.023639982000211193
0.017360367382333375
0.015681823817380907
0.032400807870219595
0.026181900546801706
0.0
0.0
0.0
0.0
0.0
0.0
0.0
0.0
0.0
0.0
0.0
0.0
0.0
0.0
0.0
0.0
0.0
0.0
0.0
0.0
0.0
0.0
0.0
0.0
0.0
0.0
0.0
0.0
0.0
0.0
0.0
0.0
0.0
0.0
