The combination of impact cases are [95, 24, 9, 76, 99, 30, 100, 98, 73, 14, 1, 69, 94, 52, 60, 43, 93, 66, 77, 67, 63, 74, 71, 20, 33, 61, 47, 23, 79, 49, 31, 86, 57, 8, 91, 88, 5, 40, 53, 87, 44, 4, 42, 2, 13, 58, 28, 36, 19, 84, 46, 34, 38, 26, 25, 96, 51, 3, 27, 82]
1959.4036357050968
18.414690309895665
8.778441986406602
5.567464551112901
3.972981416106739
3.0261450383910766
2.4017296771414256
1.9608761325136244
1.6335859129114958
1.382275167639874
1.1840353305334963
1.0266193264195747
0.9000671453456123
0.7940775788660626
0.7041123519824324
0.6299151758693241
0.5698369183288381
0.5195807649590963
0.48434492049793165
0.4472969557746904
0.41305618570854724
0.3820635290880222
0.36745184348050186
0.34311538322034996
0.32149356936822615
0.301397019825832
0.2932088027778014
0.2869239077683061
0.2720419176871195
0.26345292298286443
0.2568691657808126
0.24546462605393063
0.23552770156456576
0.22782304530092715
0.2209075123411858
0.21206990614300023
0.20720324584920038
0.19936427890913508
0.1963033166714046
0.189815041422558
0.18431361960829942
0.17715669679064053
0.1758569084707019
0.17371028093523602
0.17301126083746377
0.16823499227099445
0.1639939356143977
0.15894824783973363
0.1581620539372612
0.1543133882047676
0.1505686838804977
0.14872585939393065
0.14376782535079896
0.1395880132085437
0.13399470560202417
0.12888541451189764
0.1298164898350671
0.12624928637785487
0.12458670550301319
0.12046779942928715
0.12130569100755174
0.12147837650736594
0.1223755578426031
0.12041689400811267
0.11648224052086466
0.11090988070325816
0.11041503500949001
0.11298636934945178
0.11233719062452162
0.10995400678655681
0.11266899436097809
0.10930012648319493
0.10783297366013055
0.10233249832088147
0.10061601727455104
0.09709179597029634
0.09607424889977821
0.09287151020613413
0.09362035943176046
0.09670936135664138
0.10223563238722252
0.10120827871419752
0.09908415319393042
0.09991719495787933
0.09892415613806735
0.09753463252501222
0.09783946168786739
0.0957949701601979
0.09406611185356231
0.09607925411243774
0.0938998483548943
0.09180733531509958
0.08915019170860639
0.08832072910711933
0.08791319770055908
0.08927673874966043
0.08427892098331294
0.07930720642265905
0.0784945784954802
0.07725749979973258
0.0851879565151741
0.08333693172108343
0.08513051467120335
0.08186133871567827
0.07511003451239387
0.0737437624275517
0.06829009729606991
0.06812137358432807
0.07098228393731577
0.06700939962121444
0.06455732596157722
0.06206226916725149
0.05910901185407845
0.05631920573977578
0.05599421885983902
0.05678268853743526
0.05397097727534702
0.05415211613731071
0.05398312894442146
0.048508718144297955
0.04761827376985954
0.044584895809651026
0.03984956747540881
0.04236203569621204
0.04378094067900794
0.03850126638951419
0.03949928615411919
0.038601966842269395
0.04100256719331938
0.03730270361915049
0.033187594187246164
0.030898990309462807
0.03192900670109489
0.03381719288935466
0.034712823042417594
0.030340788553032787
0.027047818575056008
0.030270833619564372
0.026574307049963025
0.0292019093129069
0.024231774511861422
0.031140097127991512
0.03554600862956692
0.031801193534419285
0.03914116918791399
0.03427386463360175
0.03869911111993896
0.053288988813661384
0.04865291763585452
0.04161545092813717
0.037137599928890104
0.030269593859790642
0.031311404001223335
0.02647071470180397
0.04610459136721412
0.039355964904452194
0.05026050700994387
0.04357137572107561
0.036966911621216916
0.037215585585217405
0.030733393332583347
0.024331720205873326
0.023639982000211193
0.017360367382333375
0.015681823817380907
0.032400807870219595
0.026181900546801706
0.0
0.0
0.0
0.0
0.0
0.0
0.0
0.0
0.0
0.0
0.0
0.0
0.0
0.0
0.0
0.0
0.0
0.0
0.0
0.0
0.0
0.0
0.0
0.0
0.0
0.0
0.0
0.0
0.0
0.0
0.0
0.0
0.0
0.0
