The combination of impact cases are [29, 26, 99, 7, 32, 28, 2, 62, 25, 13]
1861.422791081596
17.443737823711533
8.289352850406429
5.253965218265703
3.746886417678597
2.854069411859835
2.2647705159088085
1.8476115418779484
1.5413995174377584
1.3099488438936784
1.125633445750238
0.9787549211074423
0.8572778804341106
0.7537070063817719
0.6678347755405094
0.59533157565476
0.5539004159977073
0.5047812217994975
0.46479580567947804
0.4296893241514192
0.39115779702328957
0.36128581267344434
0.3724170282370205
0.35387432087170284
0.3331133463588535
0.3085226010697605
0.2909791428190012
0.2689219593139819
0.2479203371735589
0.260890464450206
0.24573711179955085
0.23201351583819357
0.22086408098519592
0.21277849842584803
0.20672141412118972
0.19889724392727662
0.18926505492721965
0.18039276119631317
0.1974646879167145
0.19222414550234979
0.19223830253519306
0.1865546271484701
0.1862281985227035
0.17984994227586334
0.17379817109091583
0.16471208908049065
0.15593857981961454
0.15003943119897709
0.14422719205101994
0.14421869404430784
0.13889038303502582
0.12905105291431296
0.11929556071693341
0.11087292592362184
0.10418183319130825
0.09858940316010632
0.09270521075626739
0.0879699577507767
0.09961229105557652
0.10383636013461031
0.11636275394709242
0.11206258917015682
0.11496697196625744
0.10964533394462786
0.10550117177315042
0.09926973417600708
0.09369052687971993
0.09109970513593724
0.08927702206525856
0.0890140236458066
0.1058655948522442
0.10333381379021526
0.10103027582925594
0.09684721331481977
0.09910319088963651
0.09279070287924415
0.12002982271482676
0.11352331070113655
0.11264470715749722
0.11905504694938805
0.13404335791869912
0.1287149354245692
0.12527897384340503
0.12292130909609202
0.12459678149303471
0.12749615180861948
0.13374497315150108
0.1330937238941762
0.1345878606113361
0.13357001300496985
0.1293636137188051
0.12440604595396113
0.12826091139802331
0.12458284428838817
0.12449363051071693
0.11799559700796217
0.10287916202428661
0.09266485068328588
0.1335109072947512
0.1371109279452683
0.12835178667834268
0.11223108794932993
0.11960203082836657
0.11390922109146188
0.11181454101156887
0.10227006084418626
0.0871557315046274
0.08634199141278984
0.10000198324886149
0.0853244126047949
0.07849574790122227
0.07165666331394835
0.06663666189304458
0.0626505911793071
0.04894433221670886
0.0545441088771358
0.04545399505650079
0.0856655511791676
0.10055067578160427
0.08290047271500403
0.06554441518616036
0.04847521093319681
0.031685806765193676
0.01799520909304863
0.009786232357395466
0.0017085887423377469
0.0
0.0
0.0
0.0
0.0
0.0
0.0
0.0
0.0
0.0
0.0
0.0
0.0
0.0
0.0
0.0
0.0
0.0
0.0
0.0
0.0
0.0
0.0
0.0
0.0
0.0
0.0
0.0
0.0
0.0
0.0
0.0
0.0
0.0
0.0
0.0
0.0
0.0
0.0
0.0
0.0
0.0
0.0
0.0
0.0
0.0
0.0
0.0
0.0
0.0
0.0
0.0
0.0
0.0
0.0
0.0
0.0
0.0
0.0
0.0
0.0
0.0
0.0
0.0
0.0
0.0
0.0
0.0
0.0
0.0
0.0
0.0
0.0
0.0
0.0
