The combination of impact cases are [11, 99, 90, 60, 39, 17, 65, 85, 73, 56, 23, 55, 9, 7, 52, 93, 41, 34, 79, 82, 74, 53, 15, 31, 2, 21, 61, 96, 94, 80, 75, 45, 40, 30, 16, 3, 95, 20, 14, 77, 83, 86, 63, 100, 19, 76, 1, 29, 67, 69, 6, 59, 66, 47, 35, 84, 58, 68, 33, 54]
1834.212517558583
17.175617369836928
8.15880040729509
5.156548464847014
3.6665528458551013
2.782743833506087
2.2019815427886416
1.7952982083080147
1.496004952841448
1.2668008710208953
1.084760446658551
0.9395153873361335
0.8222805059907611
0.7225653143269126
0.6380563145722215
0.5699414985036052
0.5153354777343193
0.4695383357710389
0.43041109086997975
0.3978620120549517
0.3676359507139404
0.34129650686131213
0.3185886613760949
0.30073501477307996
0.2843710333172503
0.2691883501826636
0.25357572754459534
0.23961911754419055
0.22838828165616684
0.21867394215455893
0.21057330858296028
0.20324256906906574
0.1968211176843771
0.19139837605619567
0.18450469144202192
0.17863013054024537
0.1720056204187657
0.16524676060414334
0.1595253198508426
0.15352489511462863
0.14881791229601044
0.14222894528855873
0.13718260596729534
0.13260745137198604
0.1288916133602499
0.12493141199568614
0.12159616099200456
0.1177682344356048
0.11473041192528023
0.11122460988391436
0.10937349425886052
0.10568451249807395
0.10256983244697508
0.09966356080257961
0.09596635650614053
0.09216470690083339
0.08858131559319765
0.08598019158819539
0.08262862200004394
0.07950322719838765
0.07702117755874888
0.07530932632320053
0.07429869813282591
0.0727319503043309
0.07009236168850214
0.06761772686840498
0.06595930207605927
0.06339222048070348
0.06085417776941744
0.06034122583873598
0.05872696830122167
0.056935420314589126
0.056711419472820414
0.05537629013506537
0.055080681887252805
0.05410237602226867
0.05298854407218298
0.05139470769804379
0.050294258409769185
0.050798709370807826
0.050414670244406753
0.04855294925961762
0.04732825934653516
0.04590076457655868
0.043858692496608474
0.04414441435007717
0.043780865958749825
0.04223056314442838
0.0425542004188156
0.04062778033173864
0.038193425568787125
0.03662466086523588
0.036341265191889606
0.03452707785606503
0.03398879430378544
0.033123459421782846
0.03205788221409512
0.030701996992863054
0.029527721764946228
0.028181736158276325
0.027632097064133297
0.0261019739463302
0.024711714267010146
0.02401236507501904
0.022908984606069854
0.022887372614462963
0.021814301276323566
0.020387515177700932
0.020663987464794756
0.01972511324095691
0.018872559242690386
0.017781490866389697
0.017364894387857356
0.017387105256228996
0.017371199166475206
0.017020594439508607
0.016812401008443202
0.016229559994865004
0.015470145593097567
0.014344884612708666
0.013065948751330169
0.01255695373995694
0.012888847036014329
0.01307491081877945
0.012612604627933134
0.01170330775485772
0.012113408986965477
0.011406485270998301
0.011128294427356017
0.010289018456428857
0.009122869037983731
0.008409876290599696
0.009456630387530316
0.008965907789823405
0.008264651491584327
0.007215855222415432
0.006334697485840638
0.005453119112757251
0.005076215772535457
0.004988042799768877
0.004969373723170792
0.0044122477855171715
0.004623330607484556
0.004008292053304549
0.0034849611575839805
0.0033817635498866955
0.003249159220267085
0.0028237301779771968
0.0024369077092096887
0.001973156456649523
0.0016372117872109557
0.0012952661437686055
0.0012184679442683248
0.0009470441805971298
0.0007684098561202353
0.0006559327484075366
0.0008376751168323978
0.0007261895953512602
0.0006161151936869486
0.0006202597597536234
0.0005122232222097224
0.0004055286700978888
0.00039399970000351985
0.0002893394563722229
0.0002613637302896818
0.0005400134645036599
0.0004363650091133618
0.0003339577782614719
0.00023276960854341091
0.00013277886110117613
3.3964406196417345e-05
0.0
0.0
0.0
0.0
0.0
0.0
0.0
0.0
0.0
0.0
0.0
0.0
0.0
0.0
0.0
0.0
0.0
0.0
0.0
0.0
0.0
0.0
0.0
0.0
0.0
0.0
0.0
0.0
0.0
0.0
