The combination of impact cases are [99, 35, 55, 44, 8, 51, 5, 22, 30, 67]
2293.0629226472456
21.71803537858765
10.428971584084017
6.655257515719409
4.777315287408541
3.658451512057818
2.921222942786296
2.4001100934590727
2.013067015852475
1.7158250558091155
1.4821131129780274
1.2955697479450996
1.1424478574219357
1.0167475251488405
0.9114640270519164
0.8203989254447636
0.7415348154023814
0.6742340669599712
0.6161180103021717
0.5648230681205682
0.5196764079128413
0.4791123004131946
0.4908836771503356
0.4537156497605024
0.4211316540462053
0.39188385266253867
0.36512110856342095
0.3410676205407607
0.3205497095713184
0.3432665819904722
0.33258489396268764
0.3202613592538595
0.3040589866242619
0.2894927617865753
0.28083417273120737
0.26487159952885253
0.25218829733925013
0.2404858909960199
0.266622833473997
0.2599206008053464
0.2516579568972755
0.24291370480330232
0.23663340758674642
0.23268411397312128
0.23346691721676596
0.23034854969776988
0.22594705960945258
0.22054161572990255
0.21255822970702487
0.2060229210382896
0.20290021313944367
0.19488733493161847
0.18739557539222795
0.18356790779183224
0.17909535495729534
0.17431257127053854
0.17043636450484603
0.16631133669695927
0.18786687403810765
0.1843399248801591
0.21976672354368454
0.21409292915232048
0.2100437221369167
0.20494971436031179
0.2034117977819379
0.1946203301540737
0.19408334734140031
0.190724678471333
0.18319685282983036
0.177868652847001
0.21344566103301496
0.21542390659796445
0.20745663082353438
0.21123053568100292
0.21655678894326003
0.21228215464775485
0.26989551421317165
0.2742388325070885
0.26995538746344705
0.26971847449174036
0.2541647102876087
0.2381298982285614
0.23085648338957648
0.22312826304189307
0.21942052247054333
0.23223670742488595
0.220755662451177
0.20613539475427894
0.19975766233093678
0.18952823986324546
0.18373833843878096
0.18849563686947438
0.18469558996951263
0.17540290360604746
0.17232567409799932
0.169405904450766
0.16229628465149168
0.1602049948906157
0.22479691063920657
0.22197484214471622
0.21687205594245665
0.21313774998713794
0.20157702051511134
0.1884248411571009
0.17476218921817602
0.18009796804719114
0.1618008043775967
0.1700602957113332
0.15660747208321454
0.15035591218350608
0.1347417431591018
0.11803457090799513
0.10717125272243677
0.11668702073114373
0.10684026189758883
0.09461953790772316
0.10254777952283615
0.19024589393719038
0.16891431420603198
0.19931401946792154
0.1804591036359393
0.16927311670404155
0.150650041280882
0.1657188632713527
0.16969412630903247
0.14433860184194489
0.12737559690707526
0.1287071880742534
0.13836173487829004
0.12178657228166742
0.10546639257148202
0.08939535689072828
0.14284652516526108
0.1577472221564347
0.14164583260262997
0.12578296448418846
0.11015335668572526
0.09475190168985197
0.07957364001243457
0.06461375487804061
0.04986756712356188
0.03740335219936891
0.030098209261923598
0.022895229011170172
0.015792283205604496
0.008787302309783824
0.0018782734839836016
0.0
0.0
0.0
0.0
0.0
0.0
0.0
0.0
0.0
0.0
0.0
0.0
0.0
0.0
0.0
0.0
0.0
0.0
0.0
0.0
0.0
0.0
0.0
0.0
0.0
0.0
0.0
0.0
0.0
0.0
0.0
0.0
0.0
0.0
0.0
0.0
0.0
0.0
0.0
0.0
0.0
0.0
0.0
0.0
0.0
0.0
0.0
0.0
0.0
0.0
0.0
0.0
0.0
0.0
