The combination of impact cases are [14, 10, 71, 42, 41, 85, 78, 49, 25, 93, 74, 100, 6, 83, 66, 35, 17, 40, 76, 73]
2129.8051026706285
20.10023108165907
9.611916521684188
6.101596804829902
4.354967421189453
3.3203051870839437
2.6415247904205126
2.1651902853928755
1.8113052363533384
1.537509332925659
1.3190132333084659
1.1409169259222791
0.9942759397094721
0.8721686595880574
0.7700105194015979
0.686141931292185
0.6239234748203685
0.5711221243799175
0.5492491687278479
0.5040264340380635
0.46591677817855304
0.43353065398568247
0.4279020056596046
0.40253649734681596
0.38332624192745046
0.36364728354432957
0.36398565315163345
0.345423433617743
0.3279759695865091
0.33066138319362737
0.31679623986112
0.30374670675552007
0.29210493632004125
0.27925205950379706
0.26701331304962894
0.2555262540875265
0.24426256361433638
0.23342472049510218
0.23911091056636705
0.22941498529467105
0.22175436221353909
0.2110208770649999
0.20193094451721177
0.19407245695336472
0.18650223956785555
0.18029511148730862
0.1731723083139207
0.16731750150752447
0.16286505654010866
0.15818923528186618
0.154602394502724
0.15145001877271344
0.1457841882864919
0.14069281473252876
0.13445876387156253
0.1296545191286065
0.13444573507201796
0.13184713058982522
0.13574016824684385
0.13206006737528578
0.13952207007717587
0.13839683348918572
0.13630016285929192
0.1377120301730849
0.13428384515441155
0.13187852920910453
0.12867710315905195
0.13994602322391375
0.13527092214836645
0.1308141085873341
0.13646596842507133
0.13273062180864476
0.13811253800047216
0.1363652111514209
0.13761913110845683
0.13495787368653225
0.1438858297508167
0.1405751091278942
0.13851752325741573
0.13659673614676396
0.13299240172317478
0.13156977438291245
0.12633129259502493
0.1372285316504442
0.13160416428358931
0.13151005309418634
0.1301102047261076
0.1251939528540006
0.12059850907533132
0.13898818873265498
0.13387691405793387
0.13027465425675172
0.12430888752423774
0.12223485002823106
0.12627007223577671
0.12224168330190108
0.12027135997561102
0.12071596029069494
0.1354222874591742
0.13107951625348002
0.13122021878710216
0.12598267242599123
0.15354086395895414
0.14905798424728262
0.14316179458584982
0.13975018590190552
0.13408453656626548
0.12807651669521947
0.13403877459669666
0.12827282987339336
0.12430195396781747
0.115893699046992
0.10879587773221601
0.09995917218665815
0.13014953274917787
0.12861568632790826
0.12491831606847675
0.1645541134825757
0.15676237411981067
0.14657023761588775
0.13480111187153973
0.13774001617499415
0.13214651641248673
0.12561716694889113
0.12575997746912612
0.11264616878450683
0.11864769395034074
0.11055409291767405
0.10416087906785636
0.09495644495311237
0.08304586227950972
0.07892030713545267
0.07414447202978867
0.07385740996189721
0.07141222010644038
0.07411328425103463
0.06714035674840792
0.08890477943998629
0.08616017369658116
0.08135707131089609
0.09031807258892083
0.08016310814182717
0.08653385388608255
0.07909762899830321
0.13474577404050497
0.1463806982971011
0.14767483615029037
0.14530898932774355
0.124058337488666
0.10309291015489323
0.08477284378593695
0.07096731543097494
0.05734342681431338
0.047696551719630456
0.04089376911903269
0.04753952926489785
0.0642075111761244
0.05742955112398142
0.050737382604408465
0.044129387011048044
0.03760398620017247
0.03115964123415898
0.024794851171498655
0.0185081519013434
0.012298115020688784
0.006163346752382955
0.005394896558288291
0.0
0.0
0.0
0.0
0.0
0.0
0.0
0.0
0.0
0.0
0.0
0.0
0.0
0.0
0.0
0.0
0.0
0.0
0.0
0.0
0.0
0.0
0.0
0.0
0.0
0.0
0.0
0.0
0.0
0.0
0.0
0.0
0.0
0.0
