The combination of impact cases are [14, 71, 40, 44, 54, 52, 7, 83, 72, 37]
1523.1768754091324
14.101174193344471
6.621112561996167
4.131248258125494
2.9091900674656452
2.184909971070092
1.7154215944752331
1.3934030023028223
1.1646299675063205
0.9931443398753889
0.8549439716421695
0.7500967694049602
0.6720409876969329
0.5971333059592805
0.5257160794145865
0.4759338142574124
0.4514428712522962
0.4295237536321208
0.3986705323792412
0.3725784783284543
0.33792780960178825
0.31027521469046104
0.3169564108588382
0.29935476640239617
0.2837980262388186
0.2577418124886802
0.2421459386186007
0.22648459856134232
0.21212620381114722
0.2258393952357939
0.21456557438074317
0.20356597782676408
0.19445999314946316
0.18505282499697084
0.17799874181358527
0.17269767613327658
0.16680312594183944
0.1613445599887144
0.17883499672282782
0.17237964216909368
0.17045319249059881
0.1625439128187691
0.15508899911722632
0.15055566416362026
0.14806122576304748
0.14592730186913563
0.1425292907609304
0.13757774435145223
0.13298203746224546
0.12934045284002982
0.1254050878398703
0.1212061282791974
0.11698203891725055
0.11400338779004578
0.11054062421841138
0.10595935178548613
0.10069599831525824
0.09704239828072155
0.10861773528388075
0.1038414662256667
0.12562817984959335
0.12419125412022303
0.11942257482424452
0.1118283569986158
0.11039780086295353
0.10743331883764014
0.10628774157436972
0.10450398351715653
0.1010418399074578
0.09619045135490552
0.11059446560635462
0.1150451223293274
0.10554154843801822
0.09905138777446418
0.09987079533044904
0.09432181238679657
0.11851639792718245
0.11293728675207981
0.10769785290363772
0.10412207513506763
0.10123233738091934
0.10269579122520973
0.10468322016547474
0.0987819953271287
0.09561522647420669
0.09269597777420234
0.09832653189313059
0.09392168683820903
0.08727391951315842
0.09199623125353586
0.09128914769110699
0.08586279797837494
0.07888986450922908
0.07712938874369846
0.07748672952152448
0.07199059383780049
0.07082781604849687
0.07194787419310039
0.11183721956793385
0.10909402125014266
0.11045166408791847
0.10645201264828129
0.11293230494504752
0.12008388388351701
0.11879460599293258
0.12721286498628098
0.12252316866491522
0.12121798013670719
0.12101469578610533
0.11453106952739993
0.11138997870541664
0.10550975028478599
0.10535279447355039
0.0955717769566688
0.08959650310600237
0.09555814980750724
0.094771790394423
0.2015019672379143
0.18284675193489058
0.17548236943756668
0.15735486039354246
0.13952695483632296
0.13254939391281778
0.13150008068853125
0.12474643795478163
0.11811577366964726
0.1412770238757542
0.12441790242511405
0.1258521583247139
0.12563665108440836
0.10928685766152443
0.09318666035131139
0.0969619974435003
0.09692774906296242
0.08128020230347557
0.06586445388043133
0.050675390971192974
0.03724147461816275
0.04711723142451142
0.03958455587845014
0.06888865238602034
0.061308419433777725
0.05383494280750601
0.04646598302061813
0.03919936279016802
0.03203296489204509
0.02496473010430627
0.017992655234446476
0.011114791226640676
0.004329241345198408
0.0
0.0
0.0
0.0
0.0
0.0
0.0
0.0
0.0
0.0
0.0
0.0
0.0
0.0
0.0
0.0
0.0
0.0
0.0
0.0
0.0
0.0
0.0
0.0
0.0
0.0
0.0
0.0
0.0
0.0
0.0
0.0
0.0
0.0
0.0
0.0
0.0
0.0
0.0
0.0
0.0
0.0
0.0
0.0
0.0
0.0
0.0
0.0
0.0
0.0
0.0
