The combination of impact cases are [74, 26]
2605.8229435783924
24.813180388981777
11.978279107850657
7.676745656680428
5.524325941379812
4.240626807925172
3.4080649244047887
2.83583113879263
2.4029533312374496
2.059783370824265
1.7799518220992014
1.5456183997159694
1.3512251471684578
1.18807366087754
1.0504121336546883
0.9341622550578372
0.8354849413037799
0.750368584570751
0.6776697745499136
0.6160436235735104
0.5633591347711158
0.5179063774062672
0.4777571644034714
0.44245007183213225
0.4126757281976313
0.38805225793033155
0.3674184902908608
0.34780673611893265
0.32824258043913496
0.30991660482533395
0.2919985094289218
0.27650105859103513
0.2622416466415962
0.2495402519258217
0.2379767002125073
0.22653087138583197
0.21390097958647752
0.20160991688130497
0.19036527200164802
0.17994633805153604
0.16909171927763697
0.16007084476265435
0.1503353057501706
0.14107470678306613
0.1341848956456083
0.12552108568877188
0.11783537491662105
0.11172224096983237
0.10877527286145472
0.10641473179920116
0.10281683941377309
0.10157491114535461
0.10137155733028874
0.10355666659757701
0.10133588995808915
0.09874489554636959
0.09370815064933827
0.09046723692967044
0.08592425542298532
0.084988083020428
0.07985224884406333
0.08182398271729743
0.07609862334394765
0.0738372411212216
0.07954925132919707
0.07263865898080028
0.0729806027903311
0.07989739075623833
0.0863346397111022
0.08107900205224013
0.07205738526862387
0.06332191056151207
0.05553718081339642
0.053180635318897725
0.05521466287329599
0.05519336184841742
0.0564603999849135
0.05498038600620671
0.055823352385864805
0.054635796095302086
0.0562265157890936
0.05375729688516042
0.05471259672915134
0.052631389927044435
0.05283791283376905
0.055407974022405625
0.05245518737357704
0.05342818684763575
0.05586037873793061
0.058624332976988505
0.056433424953248774
0.059207718257294074
0.05853185273700813
0.06197679428596792
0.05932501678096879
0.05702731954286739
0.051225556011549433
0.052429119190358184
0.050705046511315785
0.05351855743263054
0.04798392534918703
0.04255887909003918
0.04618576602147981
0.046398304303146926
0.04114497960671053
0.041796381320164756
0.036685576879407926
0.031670292566057426
0.03799140221805365
0.03305615407797197
0.03579269484430185
0.030966168473426117
0.03523721687124195
0.03050102348567409
0.025847913923714615
0.021275720969732344
0.016782352133227353
0.018679307528835534
0.030563471947161178
0.026105330028683846
0.02172148428385718
0.017410092811019805
0.013169374093778996
0.008997604546524315
0.004893116178697733
0.0008542943711688734
0.0
0.0
0.0
0.0
0.0
0.0
0.0
0.0
0.0
0.0
0.0
0.0
0.0
0.0
0.0
0.0
0.0
0.0
0.0
0.0
0.0
0.0
0.0
0.0
0.0
0.0
0.0
0.0
0.0
0.0
0.0
0.0
0.0
0.0
0.0
0.0
0.0
0.0
0.0
0.0
0.0
0.0
0.0
0.0
0.0
0.0
0.0
0.0
0.0
0.0
0.0
0.0
0.0
0.0
0.0
0.0
0.0
0.0
0.0
0.0
0.0
0.0
0.0
0.0
0.0
0.0
0.0
0.0
0.0
0.0
0.0
0.0
0.0
0.0
0.0
