The combination of impact cases are [100, 54]
2141.8849369429317
20.224532734595122
9.686811181915713
6.154023800603568
4.389036472545865
3.337582132059765
2.649215498634676
2.1747388256360667
1.834473173966753
1.581164371151465
1.382775158433481
1.2213011377302752
1.0862783836549705
0.971952828254754
0.8733540023204058
0.789308908295244
0.7145988880037302
0.6492701192115002
0.5920936646102828
0.5433534441354244
0.5001135389936169
0.4609795945225018
0.4260958982512466
0.39581334185424866
0.36838007817774576
0.3424419157022675
0.31886298093201326
0.29687175376239894
0.2768585599802482
0.2586421922997254
0.24232601678110616
0.22853799693342308
0.21613010095245477
0.2052676801935432
0.196459023246816
0.189388434458575
0.1842967902633917
0.1799209607639967
0.17889811334537398
0.17683395803735685
0.17329056831803788
0.16887928695277263
0.16631364816775354
0.16272415084384162
0.16036179336292858
0.1588582393620755
0.156157463763548
0.15200946880090951
0.1475388053421573
0.14366526798936916
0.1415704617429414
0.1387593136335921
0.13646426499554734
0.13156418810609652
0.12622784117826824
0.12374817072395555
0.12056161356883667
0.11883510288061572
0.11556119017279703
0.11000566799019029
0.10412238691738927
0.10224369668925758
0.10350816764680011
0.09257610182156568
0.08259492834857281
0.08066993243743328
0.07877215826447995
0.07811763346797962
0.074989106601288
0.0741643796020924
0.07196702106059329
0.06972249113789081
0.06914158958041657
0.06896460525155083
0.06800631021855716
0.06589978903887414
0.0655026188743146
0.0651329082553638
0.06404515422124663
0.06267948988418874
0.06211690857879537
0.05925934833009508
0.060462575558587875
0.05901390273661373
0.0587837352577688
0.06117617083183134
0.06359332436163165
0.06430382457973559
0.062076524831664044
0.05940858428210375
0.06047751277944782
0.05944775778503319
0.05720564331974443
0.058783878931427086
0.0607017138547356
0.05797291599525807
0.05779641015972751
0.0569425669668054
0.05984558429800297
0.05904409955422914
0.05510431713708426
0.05282860208831347
0.054464199058784725
0.057445060030344886
0.05714376338224958
0.060653072711873535
0.058443239361609035
0.056396190149075764
0.05446993750729132
0.049383524013447144
0.04748981723474952
0.04255792087614512
0.04742687192050787
0.04258281502732713
0.03782373413400492
0.04020353682581303
0.0395960146270566
0.045201123208023
0.04058116624761349
0.03603884909799287
0.03157223092563583
0.027179435051500427
0.022858646321961905
0.02675164720453872
0.02250399261958104
0.02350726878193661
0.026186212521272612
0.022043340224211422
0.01796519524971698
0.02208161713379212
0.018065913610018195
0.014111513857077838
0.010217024712999867
0.01424669378628441
0.010409318277982723
0.006628788566201224
0.0029038507917461386
0.0
0.0
0.0
0.0
0.0
0.0
0.0
0.0
0.0
0.0
0.0
0.0
0.0
0.0
0.0
0.0
0.0
0.0
0.0
0.0
0.0
0.0
0.0
0.0
0.0
0.0
0.0
0.0
0.0
0.0
0.0
0.0
0.0
0.0
0.0
0.0
0.0
0.0
0.0
0.0
0.0
0.0
0.0
0.0
0.0
0.0
0.0
0.0
0.0
0.0
0.0
0.0
0.0
0.0
0.0
0.0
0.0
0.0
0.0
0.0
0.0
0.0
0.0
0.0
