The combination of impact cases are [80, 27, 21, 18, 77, 47, 29, 36, 70, 54, 22, 17, 71, 28, 44, 42, 52, 46, 97, 76, 83, 50, 100, 4, 40, 24, 69, 53, 8, 78, 56, 90, 84, 16, 23, 13, 7, 89, 72, 55]
2068.052067053919
19.490811808133547
9.310771501605448
5.907561962023868
4.215100895816198
3.208734721182346
2.545948739773048
2.0804776990500713
1.7392537527878336
1.4790487647622983
1.2733092461177904
1.1092962040694698
0.9755701538522583
0.8625884612695041
0.765928226058982
0.6860155009978555
0.619885386936854
0.5641712354478752
0.53035524968089
0.48836683501241224
0.44904446924470637
0.4149374263499236
0.40516901468616306
0.3792516584237658
0.35629319389926567
0.33399268260386067
0.33205766782832674
0.3201898334798916
0.3010008820466564
0.293215174707208
0.2875866974663712
0.2739009609359691
0.26132074349423845
0.2501878637762859
0.24199243653627714
0.23249110495545247
0.23101097397809062
0.22187826919081488
0.22112380238206525
0.21426794587947715
0.20913543792328154
0.2021331087196233
0.20408808357001865
0.1982517369329892
0.19253982550350818
0.18741674381232185
0.1829621879750466
0.17753237990964604
0.17283430975123099
0.16896639159980828
0.1637503439906291
0.15910136016370746
0.1557541483807964
0.1514265151200934
0.14515376859599488
0.14131396755275277
0.14099409796857035
0.13744388503218277
0.1387883297184157
0.1356415805378378
0.13949204656533154
0.1332596839309016
0.1309105701199339
0.13072187730892057
0.12540017960859984
0.12068725574730957
0.11656302101139118
0.12456233935318314
0.11951915387254428
0.11777011097998846
0.11941093014193023
0.11805204937715996
0.11572772574184462
0.1120356295786478
0.11012580798345077
0.10718738638011806
0.1085706699636885
0.10604072427380515
0.10958411764875627
0.10629911826633914
0.10536734232012362
0.10778638584352872
0.10801968845385872
0.10784421988416744
0.10550275852506369
0.10507469293305774
0.1059069271259214
0.10395874602948127
0.10564235223441264
0.11038525344752374
0.1147941412489692
0.11102886384034948
0.10769130284966258
0.1088482348547973
0.10455329686168918
0.10183102365178912
0.09878108968323698
0.0958259537378912
0.09798070160753788
0.09934168328392101
0.10222414301391683
0.10128470099329787
0.10657491861436688
0.10291915895037386
0.10305933963746622
0.10454681745498826
0.09953059694258361
0.09710725387075002
0.0929899183149196
0.08710427793870983
0.08452858473206652
0.07922523934754169
0.07753277447618503
0.07673366731394217
0.0810119154002267
0.09184570479335455
0.09282992291052324
0.09777085976378319
0.08961899684160204
0.0883934926352209
0.08018693840690051
0.07434453552131741
0.07615573148626613
0.08364986068864237
0.07789326436924093
0.0724109535142518
0.08248036207380795
0.07908308100984968
0.0911353504777421
0.08442732565259245
0.07352231331867068
0.06648750196188644
0.0765074428638455
0.0713198838391833
0.06517259753221663
0.06003290394037842
0.04978831727652168
0.04825920693550976
0.042932220363165734
0.03814262636683155
0.03807368556388085
0.051969761389152914
0.04793268306492332
0.03827415560832068
0.04583708094564842
0.05004210954619825
0.039426109928104115
0.03142291652565452
0.024454313640436137
0.017579242771348525
0.011978753687438566
0.008588390453267524
0.005242634326826408
0.0019406107161099263
0.0
0.0
0.0
0.0
0.0
0.0
0.0
0.0
0.0
0.0
0.0
0.0
0.0
0.0
0.0
0.0
0.0
0.0
0.0
0.0
0.0
0.0
0.0
0.0
0.0
0.0
0.0
0.0
0.0
0.0
0.0
0.0
0.0
0.0
0.0
0.0
0.0
0.0
0.0
0.0
0.0
0.0
0.0
0.0
0.0
0.0
0.0
